-1.000 0.000 -2.000 -377.143 1.929 360.000 
-1.000 0.000 -2.000 -377.143 1.929 525.714 
-1.000 0.000 -2.500 -542.857 2.405 525.714 
-1.000 0.000 -2.500 -542.857 2.405 525.714 
-1.000 0.000 -3.071 -542.857 2.929 525.714 
-1.000 0.000 -3.071 -748.571 3.524 720.000 
-1.000 0.000 -3.667 -748.571 3.524 720.000 
-1.000 0.000 -3.667 -748.571 3.524 720.000 
-1.000 0.000 -3.667 -982.857 4.167 948.571 
-1.000 0.000 -4.333 -982.857 4.167 948.571 
-1.000 0.000 -4.333 -982.857 4.167 948.571 
-1.000 0.000 -4.333 -982.857 4.167 948.571 
-1.000 0.000 -5.048 -982.857 4.881 948.571 
-1.000 0.000 -5.048 -982.857 4.881 948.571 
-1.000 0.000 -5.048 -982.857 4.881 948.571 
-1.000 0.000 -5.833 -1228.571 5.643 1194.286 
-1.000 0.000 -5.833 -1228.571 5.643 1194.286 
-1.000 0.081 -5.833 -1228.571 5.643 1194.286 
-1.000 0.081 -5.833 -1228.571 6.452 1434.286 
-1.000 0.081 -6.667 -1474.286 6.452 1434.286 
-1.000 0.081 -6.667 -1474.286 6.452 1434.286 
-1.000 0.081 -6.667 -1474.286 7.310 1434.286 
-1.000 0.081 -7.548 -1474.286 7.310 1434.286 
-1.000 0.584 -7.548 -1474.286 7.310 1434.286 
-1.000 0.584 -8.500 -1737.143 8.238 1691.429 
-1.000 0.584 -8.500 -1737.143 8.238 1691.429 
-1.000 0.650 -9.500 -1737.143 9.238 1691.429 
-1.000 0.650 -10.500 -2017.143 10.262 1965.714 
-1.000 0.650 -10.500 -2017.143 10.262 2228.571 
-1.000 0.650 -11.500 -2257.143 11.357 2228.571 
-1.000 0.650 -11.500 -2257.143 11.357 2228.571 
-1.000 0.650 -11.500 -2257.143 11.357 2228.571 
-1.000 0.650 -12.500 -2257.143 12.476 2228.571 
-1.000 0.650 -12.500 -2257.143 12.476 2228.571 
-1.000 0.650 -12.500 -2257.143 12.476 2228.571 
Warning at edu.wpi.first.wpilibj.IterativeRobotBase.printLoopOverrunMessage(IterativeRobotBase.java:301): Loop time of 0.02s overrun  Warning  0  [phoenix] Library initialization is complete.   
 Warning  0  [phoenix-diagnostics] Server 1.8.6 (Jan  8 2021,20:09:49) running on port: 1250   
 -1.000 0.650 -13.476 -2462.857 13.571 2697.143 
-1.000 0.650 -14.405 -2617.143 14.667 2697.143 
-1.000 0.650 -14.405 -2617.143 15.738 2697.143 
-1.000 0.650 -15.262 -2617.143 15.738 2868.571 
-1.000 0.650 -16.095 -2714.286 16.762 2868.571 
-1.000 0.650 -16.857 -2742.857 17.762 2988.571 
-1.000 0.650 -17.524 -2742.857 18.714 2988.571 
-1.000 0.650 -17.524 -2697.143 19.619 3045.714 
-1.000 0.650 -18.167 -2697.143 19.619 3045.714 
-1.000 0.650 -18.762 -2594.286 20.524 3057.143 
-1.000 0.650 -19.381 -2594.286 21.452 3057.143 
-1.000 0.650 -19.381 -2594.286 21.452 3057.143 
-1.000 0.650 -19.381 -2594.286 21.452 3057.143 
-1.000 0.650 -19.952 -2451.429 22.381 3045.714 
-1.000 0.650 -19.952 -2451.429 22.381 3045.714 
-1.000 0.650 -19.952 -2451.429 22.381 3045.714 
-1.000 0.650 -19.952 -2451.429 22.381 3045.714 
-1.000 0.650 -20.428 -2451.429 23.309 3045.714 
-1.000 0.650 -20.428 -2451.429 23.309 3045.714 
-1.000 0.650 -20.428 -2451.429 23.309 3045.714 
-1.000 0.650 -20.428 -2451.429 23.309 3000.000 
-1.000 0.650 -20.833 -2262.858 24.262 3000.000 
-1.000 0.650 -20.833 -2262.858 24.262 3000.000 
-1.000 0.650 -20.833 -2262.858 24.262 3000.000 
-1.000 0.650 -20.833 -2034.286 25.190 2942.857 
-1.000 0.650 -21.167 -2034.286 25.190 2942.857 
-1.000 0.650 -21.167 -2034.286 25.190 2942.857 
-1.000 0.650 -21.167 -2034.286 25.190 2942.857 
-1.000 0.650 -21.428 -2034.286 26.143 2942.857 
-1.000 0.650 -21.428 -2034.286 26.143 2942.857 
-1.000 0.650 -21.619 -1782.858 27.071 2874.286 
-1.000 0.650 -21.619 -1782.858 27.071 2874.286 
-1.000 0.650 -21.619 -1782.858 27.071 2874.286 
-1.000 0.650 -21.619 -1514.286 28.024 2834.286 
-1.000 0.650 -21.786 -1514.286 28.024 2834.286 
-1.000 0.650 -21.786 -1514.286 28.024 2834.286 
-1.000 0.650 -21.786 -1514.286 28.024 2834.286 
-1.000 0.650 -21.786 -1514.286 29.000 2834.286 
-1.000 0.650 -21.952 -1514.286 29.000 2834.286 
-1.000 0.650 -21.952 -1514.286 29.000 2834.286 
-1.000 0.650 -21.952 -1514.286 29.000 2834.286 
-1.000 0.650 -21.952 -1285.715 29.976 2811.429 
-1.000 0.650 -22.167 -1285.715 29.976 2811.429 
-1.000 0.650 -22.167 -1285.715 29.976 2811.429 
-1.000 0.650 -22.167 -1114.286 30.952 2822.857 
-1.000 0.650 -22.405 -1114.286 30.952 2822.857 
-1.000 0.650 -22.405 -1114.286 30.952 2822.857 
-1.000 0.650 -22.405 -1114.286 30.952 2822.857 
-1.000 0.650 -22.405 -1114.286 31.952 2822.857 
-1.000 0.650 -22.667 -1114.286 31.952 2822.857 
-1.000 0.650 -22.667 -1114.286 31.952 2822.857 
-1.000 0.650 -22.667 -1114.286 31.952 2822.857 
-1.000 0.650 -22.667 -982.858 32.928 2857.143 
-1.000 0.650 -22.976 -982.858 32.928 2857.143 
-1.000 0.650 -22.976 -982.858 32.928 2857.143 
-1.000 0.650 -22.976 -982.858 32.928 2857.143 
-1.000 0.650 -23.309 -982.858 33.833 2857.143 
-1.000 0.650 -23.309 -982.858 33.833 2857.143 
-1.000 0.650 -23.309 -982.858 33.833 2857.143 
-1.000 0.650 -23.309 -880.000 34.690 2862.857 
-1.000 0.650 -23.667 -880.000 34.690 2862.857 
-1.000 0.650 -23.667 -880.000 34.690 2862.857 
-1.000 0.650 -23.667 -880.000 34.690 2862.857 
-1.000 0.650 -23.667 -880.000 35.523 2828.572 
-1.000 0.650 -24.024 -822.857 35.523 2828.572 
-1.000 0.650 -24.024 -822.857 35.523 2828.572 
-1.000 0.650 -24.024 -822.857 35.523 2828.572 
-1.000 0.650 -24.381 -822.857 36.357 2828.572 
-1.000 0.650 -24.714 -811.429 37.214 2788.571 
-1.000 0.650 -25.071 -834.286 38.071 2765.714 
-1.000 0.650 -25.405 -834.286 38.976 2765.714 
-1.000 0.650 -25.762 -897.143 39.857 2737.143 
-1.000 0.650 -26.095 -960.000 40.761 2708.572 
-1.000 0.650 -26.452 -960.000 41.690 2708.572 
-1.000 0.650 -26.786 -1005.714 42.595 2685.714 
-1.000 0.650 -27.143 -1040.000 43.547 2668.571 
-1.000 0.650 -27.476 -1040.000 44.523 2668.571 
-1.000 0.650 -27.809 -1034.286 45.500 2680.000 
-1.000 0.650 -28.143 -1034.286 46.500 2680.000 
-1.000 0.650 -28.476 -1028.571 47.476 2731.429 
-1.000 0.650 -28.809 -1022.857 48.452 2788.572 
-1.000 0.650 -29.143 -1022.857 49.405 2788.572 
-1.000 0.650 -29.476 -1017.143 50.357 2822.857 
-1.000 0.650 -29.833 -1022.857 51.310 2851.429 
-1.000 0.650 -30.190 -1022.857 52.238 2851.429 
-1.000 0.650 -30.571 -1028.571 53.167 2868.571 
-1.000 0.650 -30.952 -1034.286 54.072 2868.571 
-1.000 0.650 -31.285 -1034.286 55.000 2868.571 
-1.000 0.650 -31.643 -1034.286 55.905 2857.143 
-1.000 0.650 -32.000 -1034.286 56.810 2857.143 
-1.000 0.650 -32.333 -1045.714 57.739 2834.286 
-1.000 0.650 -32.690 -1051.428 58.644 2811.429 
-1.000 0.650 -33.047 -1051.428 59.572 2811.429 
-1.000 0.650 -33.428 -1062.857 60.501 2782.857 
-1.000 0.650 -33.785 -1068.572 61.430 2771.428 
-1.000 0.650 -34.119 -1068.572 62.358 2771.428 
-1.000 0.650 -34.452 -1068.571 63.287 2760.000 
-1.000 0.650 -34.785 -1057.143 64.216 2760.000 
-1.000 0.650 -35.119 -1057.143 65.144 2760.000 
-1.000 0.650 -35.428 -1040.000 66.073 2765.714 
-1.000 0.650 -35.762 -1034.286 67.002 2771.428 
-1.000 0.650 -36.119 -1034.286 67.930 2771.428 
-1.000 0.650 -36.452 -1028.571 68.859 2771.428 
-1.000 0.650 -36.785 -1028.571 69.764 2771.428 
-1.000 0.650 -37.143 -1028.571 70.692 2777.142 
-1.000 0.650 -37.476 -1022.857 71.645 2782.857 
-1.000 0.650 -37.833 -1022.857 72.574 2782.857 
-1.000 0.650 -38.190 -1017.143 73.502 2788.571 
-1.000 0.650 -38.547 -1017.143 74.407 2782.857 
-1.000 0.650 -38.881 -1017.143 75.336 2782.857 
-1.000 0.650 -39.238 -1028.571 76.288 2782.857 
-1.000 0.650 -39.595 -1040.000 77.193 2782.857 
-1.000 0.650 -39.952 -1040.000 78.146 2782.857 
-1.000 0.650 -40.285 -1045.714 79.074 2782.857 
-1.000 0.650 -40.642 -1045.714 79.979 2782.857 
-1.000 0.650 -40.976 -1051.429 80.908 2788.571 
-1.000 0.650 -41.333 -1045.714 81.836 2788.571 
-1.000 0.650 -41.666 -1045.714 82.741 2788.571 
-1.000 0.650 -42.000 -1040.000 83.670 2782.857 
-1.000 0.650 -42.357 -1045.714 84.575 2771.428 
-1.000 0.650 -42.690 -1045.714 85.503 2771.428 
-1.000 0.650 -43.047 -1045.714 86.408 2771.428 
-1.000 0.650 -43.380 -1034.286 87.337 2765.714 
-1.000 0.650 -43.714 -1034.286 88.266 2765.714 
-1.000 0.650 -44.047 -1028.571 89.194 2765.714 
-1.000 0.625 -44.404 -1022.857 90.123 2765.714 
-1.000 0.284 -44.738 -1022.857 91.052 2765.714 
-1.000 0.000 -45.119 -1022.857 91.980 2765.714 
-1.000 0.000 -45.547 -1022.857 92.908 2765.714 
-1.000 0.000 -46.023 -1051.429 93.837 2765.714 
-1.000 0.000 -46.547 -1108.571 94.765 2771.428 
-1.000 0.000 -47.166 -1108.571 95.718 2771.428 
-1.000 0.000 -47.809 -1200.000 96.646 2777.143 
-1.000 0.000 -48.524 -1320.000 97.575 2782.857 
-1.000 0.000 -49.286 -1320.000 98.503 2782.857 
-1.000 0.000 -50.095 -1480.000 99.408 2788.571 
-1.000 0.000 -50.905 -1657.143 100.336 2782.857 
-1.000 0.000 -51.714 -1657.143 101.217 2777.142 
-1.000 0.000 -52.595 -1840.000 102.122 2777.142 
-1.000 0.000 -53.548 -1840.000 103.050 2777.142 
-1.000 0.000 -54.572 -2057.143 103.955 2765.714 
-1.000 0.000 -55.620 -2291.429 104.859 2759.999 
-1.000 0.000 -56.715 -2291.429 105.788 2759.999 
-1.000 0.000 -57.763 -2508.572 106.692 2754.285 
-1.000 0.000 -58.810 -2680.000 107.597 2748.571 
-1.000 0.000 -59.834 -2680.000 108.525 2748.571 
-1.000 0.000 -60.834 -2817.143 109.454 2748.571 
0.000 0.000 -61.811 -2897.143 110.382 2742.856 
0.457 0.000 -62.739 -2897.143 111.335 2742.856 
1.000 0.000 -63.644 -2948.571 112.263 2754.285 
1.000 0.000 -64.501 -2971.429 113.168 2754.285 
1.000 0.000 -65.287 -2971.429 114.049 2754.285 
1.000 0.000 -66.025 -2914.286 114.834 2742.857 
1.000 0.000 -66.716 -2914.286 115.572 2742.857 
1.000 0.000 -67.335 -2788.571 116.263 2685.714 
1.000 0.000 -67.930 -2617.143 116.905 2588.571 
1.000 0.000 -68.526 -2617.143 117.572 2588.571 
1.000 0.000 -69.049 -2445.714 118.167 2491.428 
1.000 0.000 -69.478 -2240.000 118.691 2360.000 
1.000 0.000 -69.835 -2240.000 119.119 2360.000 
1.000 0.000 -70.097 -2005.714 119.476 2177.143 
1.000 0.000 -70.335 -1748.572 119.762 1948.572 
1.000 0.000 -70.502 -1748.572 120.000 1948.572 
1.000 0.000 -70.597 -1474.286 120.191 1691.429 
1.000 0.000 -70.621 -1474.286 120.286 1691.429 
1.000 0.000 -70.597 -1205.714 120.310 1411.428 
1.000 0.000 -70.526 -931.428 120.286 1137.143 
1.000 0.000 -70.383 -931.428 120.191 1137.143 
1.000 0.000 -70.169 -657.143 120.024 862.857 
1.000 0.000 -69.883 -342.857 119.810 548.571 
1.000 0.000 -69.549 -342.857 119.524 548.571 
1.000 0.000 -69.121 -34.286 119.167 228.571 
1.000 0.000 -68.645 262.857 118.738 -80.000 
1.000 0.000 -68.121 262.857 118.262 -80.000 
1.000 0.000 -67.502 565.714 117.715 -382.857 
1.000 0.000 -66.835 862.857 117.096 -691.429 
1.000 0.127 -66.121 862.857 116.429 -691.429 
1.000 0.279 -65.335 1160.000 115.739 -988.572 
1.000 0.345 -64.525 1160.000 114.977 -988.572 
1.000 0.482 -63.644 1445.714 114.168 -1274.286 
1.000 0.640 -62.739 1731.429 113.358 -1554.286 
1.000 0.650 -61.787 1731.429 112.573 -1554.286 
1.000 0.650 -60.763 1994.286 111.811 -1777.143 
1.000 0.650 -59.691 2262.857 111.073 -1954.286 
1.000 0.650 -58.596 2262.857 110.382 -1954.286 
1.000 0.650 -57.524 2502.857 109.740 -2068.572 
1.000 0.564 -56.477 2697.143 109.144 -2125.714 
1.000 0.000 -55.429 2697.143 108.621 -2125.714 
1.000 0.000 -54.405 2845.714 108.145 -2097.143 
1.000 0.000 -53.429 2845.714 107.645 -2097.143 
1.000 0.000 -52.476 2942.857 107.073 -2028.571 
1.000 0.000 -51.548 3005.715 106.431 -1977.143 
1.000 0.112 -50.619 3005.715 105.740 -1977.143 
1.000 0.259 -49.714 3017.143 105.026 -1920.000 
1.000 0.462 -48.809 3000.000 104.264 -1902.857 
1.000 0.548 -47.881 3000.000 103.455 -1902.857 
1.000 0.589 -46.952 2954.286 102.645 -1920.000 
1.000 0.589 -46.023 2897.143 101.907 -1948.571 
1.000 0.589 -45.095 2897.143 101.241 -1948.571 
1.000 0.574 -44.142 2851.428 100.622 -1971.429 
1.000 0.447 -43.166 2817.143 100.050 -1994.286 
1.000 0.279 -42.190 2817.143 99.574 -1994.286 
1.000 0.152 -41.214 2811.428 99.146 -1988.572 
1.000 0.112 -40.262 2811.428 98.693 -1988.572 
1.000 0.112 -39.309 2817.143 98.146 -1931.429 
1.000 0.142 -38.381 2822.857 97.551 -1891.428 
1.000 0.142 -37.476 2822.857 96.932 -1891.428 
1.000 0.300 -36.547 2834.286 96.265 -1845.715 
1.000 0.477 -35.595 2834.286 95.551 -1805.715 
1.000 0.650 -34.643 2834.286 94.789 -1805.715 
1.000 0.650 -33.690 2840.000 94.051 -1800.000 
1.000 0.650 -32.738 2845.714 93.361 -1811.429 
1.000 0.650 -31.785 2845.714 92.718 -1811.429 
1.000 0.650 -30.905 2845.714 92.170 -1828.572 
1.000 0.650 -30.024 2845.714 91.671 -1828.572 
1.000 0.650 -29.143 2811.428 91.242 -1845.714 
1.000 0.650 -28.262 2771.428 90.885 -1840.000 
1.000 0.650 -27.333 2771.428 90.575 -1840.000 
1.000 0.650 -26.428 2765.713 90.313 -1748.572 
1.000 0.650 -25.476 2765.713 90.099 -1605.715 
1.000 0.650 -24.547 2765.713 89.885 -1605.715 
1.000 0.650 -23.595 2771.428 89.647 -1428.572 
1.000 0.650 -22.667 2765.714 89.409 -1234.286 
1.000 0.650 -21.714 2765.714 89.194 -1234.286 
1.000 0.650 -20.786 2759.999 88.932 -1051.429 
1.000 0.650 -19.809 2759.999 88.647 -920.000 
1.000 0.650 -18.833 2759.999 88.313 -920.000 
1.000 0.650 -17.857 2794.285 87.956 -851.428 
1.000 0.391 -16.881 2794.285 87.551 -851.428 
1.000 0.000 -15.905 2839.999 87.146 -834.286 
1.000 0.000 -14.929 2862.857 86.718 -868.572 
1.000 0.000 -13.976 2862.857 86.218 -868.572 
1.000 0.000 -13.048 2868.571 85.694 -965.714 
1.000 0.000 -12.167 2857.143 85.146 -1091.429 
1.000 0.000 -11.357 2857.143 84.599 -1091.429 
1.000 0.000 -10.571 2817.143 84.003 -1200.000 
1.000 0.000 -9.714 2771.428 83.337 -1354.286 
1.000 0.000 -8.857 2771.428 82.575 -1354.286 
1.000 0.000 -7.976 2742.857 81.789 -1531.429 
1.000 0.000 -7.071 2742.857 80.932 -1531.429 
1.000 0.000 -6.190 2708.571 80.003 -1720.000 
1.000 0.000 -5.286 2674.285 79.050 -1920.000 
1.000 0.000 -4.357 2674.285 78.026 -1920.000 
1.000 0.000 -3.405 2651.428 76.931 -2148.572 
1.000 0.000 -2.476 2651.428 75.860 -2365.715 
1.000 0.000 -1.500 2651.428 74.788 -2365.715 
1.000 0.000 -0.524 2668.571 73.669 -2571.428 
1.000 0.000 0.452 2731.428 72.597 -2777.143 
1.000 0.000 1.452 2731.428 71.573 -2777.143 
1.000 0.000 2.429 2788.572 70.573 -2925.714 
1.000 -0.046 3.405 2834.285 69.621 -3011.428 
1.000 -0.215 4.381 2834.285 68.692 -3011.428 
1.000 -0.338 5.310 2862.857 67.787 -3045.714 
1.000 -0.456 6.190 2862.857 66.883 -3045.714 
1.000 -0.507 7.000 2862.857 65.978 -3040.000 
1.000 -0.537 7.762 2822.857 65.073 -2994.285 
1.000 -0.543 8.452 2822.857 64.144 -2994.285 
1.000 -0.543 9.095 2731.429 63.216 -2937.143 
1.000 -0.374 9.667 2600.000 62.287 -2874.286 
1.000 -0.194 10.238 2600.000 61.334 -2874.286 
1.000 0.000 10.786 2440.000 60.382 -2828.571 
1.000 0.000 11.357 2280.000 59.382 -2805.714 
1.000 0.000 11.929 2280.000 58.406 -2805.714 
1.000 0.000 12.500 2125.714 57.429 -2805.714 
1.000 0.000 13.095 2125.714 56.453 -2805.714 
1.000 0.000 13.762 1988.571 55.477 -2828.571 
1.000 0.000 14.476 1902.857 54.524 -2851.428 
1.000 0.000 15.286 1902.857 53.596 -2851.428 
1.000 0.000 16.119 1891.429 52.643 -2868.571 
1.000 0.000 16.119 1948.572 51.691 -2880.000 
1.000 0.000 18.000 1948.572 50.738 -2880.000 
1.000 0.000 19.024 2085.714 49.786 -2885.714 
1.000 0.000 20.024 2257.143 48.857 -2880.000 
1.000 0.000 21.000 2257.143 47.952 -2880.000 
1.000 0.000 21.928 2411.428 47.047 -2857.142 
1.000 0.000 22.857 2542.857 46.214 -2817.142 
1.000 0.000 23.833 2542.857 45.357 -2817.142 
1.000 0.000 24.809 2680.000 44.500 -2760.000 
1.000 0.000 25.786 2680.000 43.595 -2760.000 
1.000 0.000 26.738 2794.286 42.690 -2731.428 
1.000 0.000 27.666 2857.143 41.761 -2725.714 
1.000 0.000 28.595 2857.143 40.809 -2725.714 
1.000 0.000 29.524 2885.714 39.857 -2725.713 
1.000 0.000 30.428 2868.571 38.904 -2725.714 
1.000 0.000 31.381 2868.571 37.952 -2725.714 
1.000 0.000 32.309 2834.286 37.000 -2731.428 
1.000 0.000 33.262 2828.571 36.023 -2748.571 
1.000 0.000 34.214 2828.571 35.047 -2748.571 
1.000 0.000 35.190 2840.000 34.071 -2788.571 
1.000 0.000 36.143 2840.000 33.071 -2788.571 
1.000 0.000 37.095 2840.000 32.119 -2845.714 
1.000 0.000 38.047 2834.285 31.143 -2874.286 
1.000 0.000 39.023 2834.285 30.190 -2874.286 
1.000 0.000 39.976 2840.000 29.262 -2885.714 
1.000 0.000 40.928 2851.429 28.309 -2885.714 
1.000 0.000 41.857 2851.429 27.357 -2885.714 
1.000 0.000 42.809 2857.143 26.428 -2885.714 
1.000 0.000 43.738 2857.143 25.500 -2880.000 
1.000 0.000 44.666 2857.143 24.547 -2880.000 
1.000 0.000 45.619 2851.428 23.619 -2868.571 
1.000 0.000 46.571 2845.714 22.690 -2851.428 
1.000 0.000 47.500 2845.714 21.738 -2851.428 
1.000 0.000 48.452 2845.714 20.809 -2834.285 
1.000 0.000 49.405 2845.714 19.857 -2834.285 
1.000 0.000 50.333 2840.000 18.929 -2828.571 
1.000 0.000 51.286 2828.571 18.000 -2817.143 
1.000 0.000 52.214 2828.571 17.071 -2817.143 
1.000 0.488 53.143 2817.143 16.143 -2811.428 
1.000 0.630 54.096 2817.142 15.190 -2805.714 
1.000 0.650 55.024 2817.142 14.262 -2805.714 
1.000 0.650 55.977 2822.857 13.381 -2800.000 
1.000 0.650 56.929 2828.571 12.548 -2771.428 
1.000 0.650 57.882 2828.571 11.786 -2771.428 
1.000 0.650 58.810 2828.571 11.095 -2708.571 
1.000 0.650 59.763 2828.571 10.452 -2708.571 
1.000 0.650 60.715 2822.857 9.857 -2605.713 
1.000 0.650 61.668 2822.857 9.333 -2468.571 
1.000 0.650 62.596 2822.857 8.810 -2468.571 
1.000 0.650 63.549 2834.285 8.310 -2308.571 
1.000 0.650 64.501 2839.999 7.881 -2142.857 
1.000 0.650 65.454 2839.999 7.524 -2142.857 
1.000 0.650 66.406 2840.000 7.262 -1931.429 
1.000 0.650 67.359 2845.714 7.071 -1668.571 
1.000 0.650 68.311 2845.714 6.905 -1668.571 
1.000 0.650 69.264 2845.714 6.738 -1411.428 
1.000 0.650 70.240 2851.428 6.571 -1188.572 
1.000 0.650 71.192 2851.428 6.357 -1188.572 
1.000 0.650 72.145 2857.142 6.095 -1017.143 
1.000 0.650 73.121 2857.142 5.786 -1017.143 
1.000 0.650 74.074 2862.857 5.452 -908.572 
1.000 0.650 75.026 2862.857 5.071 -851.429 
1.000 0.650 75.979 2862.857 4.690 -851.429 
1.000 0.650 76.907 2868.572 4.286 -817.143 
1.000 0.650 77.741 2845.715 3.881 -828.571 
1.000 0.650 78.550 2845.715 3.548 -828.571 
1.000 0.650 79.384 2794.286 3.214 -874.286 
1.000 0.650 80.241 2754.286 2.857 -942.857 
1.000 0.650 81.146 2754.286 2.500 -942.857 
1.000 0.650 82.051 2731.429 2.143 -1011.428 
1.000 0.650 82.956 2731.429 1.810 -1011.428 
1.000 0.650 83.837 2708.572 1.500 -1057.143 
1.000 0.650 84.741 2685.714 1.167 -1074.286 
1.000 0.650 85.646 2685.714 0.857 -1074.286 
1.000 0.650 86.551 2662.857 0.548 -1057.143 
1.000 0.650 87.480 2645.714 0.190 -1034.286 
1.000 0.650 88.432 2645.714 -0.167 -1034.286 
1.000 0.650 89.409 2668.571 -0.548 -1022.857 
1.000 0.650 90.385 2725.714 -0.929 -1028.571 
1.000 0.650 91.385 2725.714 -1.286 -1028.571 
1.000 0.650 92.385 2782.857 -1.667 -1040.000 
1.000 0.650 93.361 2822.857 -2.024 -1045.714 
1.000 0.650 94.337 2822.857 -2.381 -1045.714 
1.000 0.650 95.313 2851.428 -2.714 -1045.714 
1.000 0.650 96.265 2851.428 -3.048 -1045.714 
1.000 0.650 97.194 2874.286 -3.357 -1045.714 
1.000 0.650 98.098 2880.000 -3.714 -1057.143 
1.000 0.650 98.979 2880.000 -4.048 -1057.143 
1.000 0.650 99.860 2868.572 -4.381 -1057.142 
1.000 0.650 100.741 2851.429 -4.714 -1045.714 
1.000 0.650 101.645 2851.429 -5.071 -1045.714 
1.000 0.650 102.574 2822.858 -5.429 -1040.000 
1.000 0.650 103.479 2794.286 -5.786 -1034.286 
1.000 0.650 104.407 2794.286 -6.119 -1034.286 
1.000 0.650 105.359 2765.715 -6.476 -1022.857 
1.000 0.650 106.288 2765.715 -6.810 -1022.857 
1.000 0.650 107.216 2748.572 -7.143 -1028.571 
1.000 0.650 108.145 2737.143 -7.476 -1028.571 
1.000 0.650 109.073 2737.143 -7.810 -1028.571 
1.000 0.650 110.001 2742.857 -8.143 -1028.571 
1.000 0.650 110.930 2760.000 -8.500 -1028.571 
1.000 0.650 111.858 2760.000 -8.833 -1028.571 
1.000 0.650 112.787 2771.428 -9.167 -1028.571 
1.000 0.650 113.715 2782.856 -9.524 -1028.571 
1.000 0.650 114.668 2782.856 -9.857 -1028.571 
1.000 0.650 115.620 2794.285 -10.191 -1017.143 
1.000 0.650 116.548 2800.000 -10.548 -1022.857 
1.000 0.650 117.501 2800.000 -10.881 -1022.857 
1.000 0.650 118.453 2805.714 -11.214 -1017.143 
1.000 0.650 119.381 2805.714 -11.571 -1017.143 
1.000 0.650 120.310 2811.428 -11.905 -1017.143 
1.000 0.650 121.238 2811.428 -12.262 -1022.857 
1.000 0.650 122.190 2811.428 -12.595 -1022.857 
1.000 0.650 123.119 2811.428 -12.952 -1028.572 
1.000 0.650 124.047 2811.428 -13.286 -1028.571 
1.000 0.650 124.976 2811.428 -13.643 -1028.571 
1.000 0.650 125.904 2811.428 -13.976 -1028.571 
1.000 0.650 126.809 2805.714 -14.310 -1028.571 
1.000 0.650 127.737 2805.714 -14.643 -1028.571 
1.000 0.650 128.666 2794.285 -15.000 -1022.857 
1.000 0.650 129.570 2794.285 -15.333 -1022.857 
1.000 0.650 130.499 2788.571 -15.690 -1028.571 
1.000 0.650 131.403 2777.143 -16.024 -1028.571 
1.000 0.650 132.332 2777.143 -16.381 -1028.571 
1.000 0.650 133.260 2771.428 -16.714 -1028.571 
1.000 0.650 134.189 2771.428 -17.048 -1028.571 
1.000 0.650 135.117 2771.428 -17.405 -1028.571 
1.000 0.650 136.070 2777.143 -17.738 -1028.571 
1.000 0.650 137.022 2782.856 -18.095 -1028.571 
1.000 0.650 137.950 2782.856 -18.429 -1028.571 
1.000 0.650 138.879 2782.857 -18.786 -1028.571 
1.000 0.650 139.807 2788.571 -19.119 -1034.286 
1.000 0.650 140.736 2788.571 -19.476 -1034.286 
1.000 0.650 141.664 2788.571 -19.809 -1034.286 
1.000 0.650 142.592 2788.571 -20.143 -1034.286 
1.000 0.650 143.521 2794.286 -20.500 -1034.286 
1.000 0.650 144.449 2800.000 -20.833 -1028.571 
1.000 0.650 145.378 2800.000 -21.167 -1028.571 
1.000 0.650 146.306 2800.000 -21.524 -1028.571 
1.000 0.650 147.235 2788.571 -21.881 -1034.286 
1.000 0.650 148.163 2788.571 -22.238 -1034.286 
1.000 0.650 149.068 2782.856 -22.595 -1034.286 
1.000 0.650 149.972 2777.142 -22.952 -1045.714 
1.000 0.650 150.877 2777.142 -23.286 -1045.714 
1.000 0.650 151.758 2760.000 -23.643 -1040.000 
1.000 0.650 152.639 2760.000 -23.976 -1040.000 
1.000 0.650 153.543 2748.571 -24.333 -1040.000 
1.000 0.650 154.448 2737.142 -24.667 -1040.000 
1.000 0.650 155.377 2737.142 -25.000 -1040.000 
1.000 0.650 156.305 2731.428 -25.357 -1045.714 
1.000 0.650 157.257 2737.142 -25.690 -1040.000 
1.000 0.650 158.233 2737.142 -26.047 -1040.000 
1.000 0.650 159.209 2754.285 -26.381 -1040.000 
1.000 0.650 160.162 2771.428 -26.714 -1034.286 
1.000 0.650 161.138 2771.428 -27.047 -1034.286 
1.000 0.650 162.090 2788.571 -27.405 -1022.857 
1.000 0.650 163.042 2811.428 -27.738 -1028.571 
1.000 0.650 163.947 2811.428 -28.071 -1028.571 
1.000 0.650 164.851 2822.857 -28.405 -1017.143 
1.000 0.650 165.756 2822.857 -28.738 -1017.143 
1.000 0.650 166.637 2822.857 -29.071 -1017.143 
1.000 0.650 167.542 2811.428 -29.405 -1011.428 
1.000 0.650 168.446 2811.428 -29.738 -1011.428 
1.000 0.650 169.375 2800.000 -30.095 -1017.143 
1.000 0.650 170.303 2782.856 -30.452 -1017.143 
1.000 0.650 171.232 2782.856 -30.785 -1017.143 
1.000 0.650 172.184 2771.428 -31.143 -1022.857 
1.000 0.650 173.136 2765.714 -31.476 -1022.857 
1.000 0.650 174.065 2765.714 -31.833 -1022.857 
1.000 0.650 174.993 2760.000 -32.166 -1022.857 
1.000 0.650 175.921 2760.000 -32.524 -1022.857 
1.000 0.650 176.850 2760.000 -32.857 -1028.571 
1.000 0.650 177.778 2771.428 -33.190 -1034.286 
1.000 0.650 178.707 2771.428 -33.524 -1034.286 
1.000 0.650 179.635 2788.571 -33.857 -1034.286 
1.000 0.650 180.588 2800.000 -34.214 -1028.571 
1.000 0.650 181.516 2800.000 -34.547 -1028.571 
1.000 0.650 182.444 2805.714 -34.881 -1022.857 
1.000 0.650 183.373 2800.000 -35.214 -1017.143 
1.000 0.650 184.301 2800.000 -35.547 -1017.143 
1.000 0.650 185.230 2794.285 -35.881 -1017.143 
1.000 0.650 186.158 2794.285 -36.238 -1011.428 
1.000 0.650 187.063 2794.285 -36.571 -1011.428 
1.000 0.650 187.991 2788.571 -36.904 -1017.143 
1.000 0.650 188.920 2788.571 -37.262 -1017.143 
1.000 0.650 189.848 2788.571 -37.595 -1011.428 
1.000 0.650 190.777 2788.571 -37.952 -1017.142 
1.000 0.650 191.705 2788.571 -38.285 -1017.142 
1.000 0.650 192.634 2782.856 -38.642 -1022.857 
1.000 0.650 193.562 2782.856 -39.000 -1028.571 
1.000 0.239 194.490 2782.856 -39.333 -1028.571 
1.000 0.000 195.419 2782.856 -39.690 -1028.571 
1.000 0.000 196.347 2777.142 -40.047 -1034.286 
1.000 0.000 197.276 2777.142 -40.452 -1034.286 
1.000 0.000 198.204 2782.856 -40.928 -1068.571 
1.000 0.000 199.133 2782.856 -41.452 -1068.571 
1.000 0.000 200.061 2788.571 -42.071 -1125.714 
1.000 0.000 200.990 2782.856 -42.714 -1228.571 
1.000 0.000 201.894 2782.856 -43.428 -1228.571 
1.000 0.000 202.799 2777.142 -44.166 -1360.000 
1.000 0.000 203.704 2771.428 -44.904 -1508.571 
1.000 0.000 204.608 2771.428 -45.666 -1508.571 
1.000 0.000 205.513 2760.000 -46.476 -1657.143 
1.000 0.000 206.417 2754.286 -47.357 -1845.714 
1.000 0.000 207.322 2754.286 -48.285 -1845.714 
1.000 0.000 208.227 2748.572 -49.309 -2068.571 
1.000 0.000 209.131 2731.428 -50.357 -2297.143 
1.000 0.000 210.012 2731.428 -51.429 -2297.143 
1.000 0.000 210.941 2720.000 -52.476 -2508.571 
1.000 0.000 211.893 2720.000 -53.500 -2508.571 
1.000 0.000 212.821 2725.715 -54.524 -2668.572 
1.000 0.000 213.774 2737.143 -55.548 -2788.572 
1.000 0.000 214.750 2737.143 -56.524 -2788.572 
1.000 0.000 215.702 2760.000 -57.501 -2885.714 
1.000 0.000 216.678 2782.857 -58.453 -2965.714 
1.000 0.000 217.654 2782.857 -59.382 -2965.714 
1.000 0.000 218.654 2805.714 -60.287 -3000.000 
1.000 0.000 219.630 2840.000 -61.215 -2982.857 
1.000 0.000 220.582 2840.000 -62.120 -2982.857 
1.000 0.000 221.558 2862.857 -63.025 -2937.143 
1.000 0.000 222.511 2862.857 -63.954 -2937.143 
1.000 0.000 223.463 2885.715 -64.882 -2885.715 
1.000 0.010 224.391 2891.429 -65.835 -2845.714 
1.000 0.213 225.344 2891.429 -66.787 -2845.714 
1.000 0.366 226.296 2891.429 -67.764 -2822.857 
1.000 0.614 227.224 2880.000 -68.692 -2800.000 
1.000 0.650 228.177 2880.000 -69.597 -2800.000 
1.000 0.650 229.129 2874.286 -70.431 -2782.857 
1.000 0.650 230.057 2862.857 -71.192 -2737.143 
1.000 0.650 231.010 2862.857 -71.931 -2737.143 
1.000 0.574 231.962 2845.714 -72.621 -2668.571 
1.000 0.000 232.914 2845.714 -73.288 -2582.857 
1.000 0.000 233.866 2845.714 -73.883 -2582.857 
1.000 0.000 234.819 2845.714 -74.431 -2451.428 
1.000 0.000 235.771 2845.714 -75.026 -2451.428 
1.000 0.000 236.699 2845.714 -75.621 -2319.999 
1.000 0.000 237.652 2840.000 -76.288 -2194.285 
1.000 0.000 238.580 2840.000 -77.003 -2194.285 
1.000 0.000 239.532 2840.000 -77.788 -2102.856 
1.000 0.000 240.484 2840.000 -78.622 -2062.856 
1.000 0.000 241.437 2840.000 -79.503 -2062.856 
1.000 0.000 242.389 2845.714 -80.455 -2091.428 
1.000 0.000 243.317 2840.000 -81.384 -2177.143 
1.000 0.000 244.198 2840.000 -82.289 -2177.143 
1.000 0.000 245.079 2817.142 -83.217 -2257.143 
1.000 0.000 245.936 2817.142 -84.194 -2257.143 
1.000 0.000 246.841 2782.857 -85.170 -2400.000 
1.000 0.000 247.722 2760.000 -86.170 -2554.285 
1.000 0.000 248.650 2760.000 -87.170 -2554.285 
1.000 0.000 249.555 2754.285 -88.147 -2691.428 
1.000 0.000 250.483 2742.857 -89.123 -2794.286 
1.000 0.000 251.435 2742.857 -90.075 -2794.286 
1.000 0.000 252.388 2742.856 -91.028 -2851.429 
1.000 0.000 253.364 2742.856 -91.980 -2880.000 
1.000 0.000 254.340 2742.856 -92.932 -2880.000 
1.000 0.000 255.316 2765.714 -93.885 -2880.000 
1.000 0.000 256.316 2794.286 -94.813 -2897.143 
1.000 0.000 257.292 2794.286 -95.765 -2897.143 
1.000 0.000 258.268 2840.000 -96.717 -2891.428 
1.000 0.000 259.220 2840.000 -97.646 -2891.428 
1.000 0.000 260.172 2868.571 -98.598 -2874.286 
1.000 0.000 261.125 2880.000 -99.550 -2857.143 
1.000 0.000 262.077 2880.000 -100.503 -2857.143 
1.000 0.000 263.005 2891.428 -101.455 -2851.428 
1.000 0.000 263.934 2891.429 -102.407 -2851.428 
1.000 0.000 264.862 2891.429 -103.383 -2851.428 
1.000 0.000 265.791 2880.000 -104.336 -2845.714 
1.000 0.000 266.719 2857.142 -105.288 -2851.428 
1.000 0.000 267.671 2857.142 -106.240 -2851.428 
1.000 0.000 268.600 2839.999 -107.192 -2857.143 
1.000 0.000 269.552 2839.999 -108.145 -2857.143 
1.000 0.000 270.504 2822.857 -109.097 -2862.857 
1.000 0.000 271.433 2817.142 -110.025 -2857.143 
1.000 0.000 272.385 2817.142 -110.954 -2857.143 
1.000 0.000 273.314 2817.143 -111.882 -2851.429 
1.000 0.000 274.266 2817.142 -112.811 -2840.000 
1.000 0.000 275.194 2817.142 -113.739 -2840.000 
1.000 0.000 276.123 2811.428 -114.644 -2828.571 
1.000 0.000 277.051 2811.428 -115.572 -2817.143 
1.000 0.000 277.980 2811.428 -116.524 -2817.143 
1.000 0.000 278.908 2811.428 -117.453 -2811.428 
1.000 0.000 279.860 2817.142 -118.381 -2800.000 
1.000 0.000 280.813 2817.142 -119.334 -2800.000 
1.000 0.000 281.765 2817.142 -120.286 -2800.000 
1.000 0.000 282.693 2817.142 -121.238 -2800.000 
1.000 0.000 283.646 2817.142 -122.190 -2805.714 
1.000 0.000 284.598 2817.142 -123.143 -2811.428 
1.000 0.000 285.526 2817.142 -124.071 -2811.428 
1.000 0.000 286.479 2817.143 -125.023 -2817.143 
0.268 0.000 287.407 2817.143 -125.976 -2822.857 
-0.328 0.000 288.359 2817.143 -126.904 -2822.857 
-1.000 0.000 289.264 2822.856 -127.832 -2834.286 
-1.000 0.000 290.145 2811.428 -128.690 -2817.143 
-1.000 0.000 290.954 2811.428 -129.523 -2817.143 
-1.000 0.000 291.716 2760.000 -130.285 -2777.143 
-1.000 0.000 292.406 2760.000 -130.999 -2777.143 
-1.000 0.000 293.049 2680.000 -131.642 -2685.715 
-1.000 0.000 293.620 2554.286 -132.237 -2571.429 
-1.000 0.000 294.144 2554.286 -132.808 -2571.429 
-1.000 0.000 294.596 2400.000 -133.332 -2428.571 
-1.000 0.000 295.049 2217.143 -133.832 -2274.286 
-1.000 0.000 295.477 2217.143 -134.260 -2274.286 
-1.000 0.000 295.834 2034.286 -134.594 -2080.000 
-1.000 0.000 296.096 1794.286 -134.832 -1840.000 
-1.000 0.000 296.263 1794.286 -134.998 -1840.000 
-1.000 0.000 296.358 1520.000 -135.093 -1560.000 
-1.000 0.000 296.382 1240.000 -135.141 -1280.000 
-1.000 0.000 296.358 1240.000 -135.141 -1280.000 
-1.000 0.000 296.263 954.286 -135.070 -1005.715 
-1.000 0.000 296.120 954.286 -134.951 -1005.715 
-1.000 0.000 295.906 674.285 -134.760 -725.715 
-1.000 0.000 295.644 394.285 -134.522 -440.000 
-1.000 0.000 295.358 394.285 -134.236 -440.000 
-1.000 0.000 294.977 108.571 -133.879 -137.143 
-1.000 0.000 294.573 -200.000 -133.475 160.000 
-1.000 0.000 294.073 -200.000 -133.022 160.000 
-1.000 0.000 293.549 -491.429 -132.499 445.714 
-1.000 0.000 292.930 -771.429 -131.927 708.571 
-1.000 0.000 292.287 -771.429 -131.284 708.571 
-1.000 -0.189 291.573 -1040.000 -130.594 982.857 
-1.000 -0.307 290.787 -1040.000 -129.808 982.857 
-1.000 -0.425 289.907 -1314.286 -128.951 1257.143 
-1.000 -0.537 288.954 -1594.286 -128.047 1542.857 
-1.000 -0.650 287.931 -1594.286 -127.142 1542.857 
-1.000 -0.650 286.836 -1897.143 -126.309 1805.714 
-1.000 -0.650 285.717 -2194.286 -125.499 2017.143 
-1.000 -0.650 284.574 -2194.286 -124.738 2017.143 
-1.000 -0.583 283.455 -2474.286 -124.047 2165.714 
-1.000 -0.194 282.360 -2720.000 -123.404 2245.714 
-1.000 -0.010 281.265 -2720.000 -122.786 2245.714 
-1.000 0.000 280.241 -2902.857 -122.190 2268.571 
-1.000 0.000 279.265 -3028.572 -121.571 2251.429 
-1.000 0.000 278.361 -3028.572 -120.905 2251.429 
-1.000 0.000 277.456 -3091.429 -120.167 2222.857 
-1.000 0.000 276.599 -3091.429 -119.381 2222.857 
-1.000 0.000 275.718 -3085.715 -118.524 2188.572 
-1.000 0.000 274.861 -3028.572 -117.620 2177.143 
-1.000 0.000 273.980 -3028.572 -116.643 2177.143 
-1.000 0.000 273.075 -2942.857 -115.596 2222.857 
-1.000 0.000 272.171 -2862.857 -114.501 2337.143 
-1.000 0.000 271.219 -2862.857 -113.382 2337.143 
-1.000 0.000 270.266 -2788.571 -112.287 2502.857 
-1.000 -0.051 269.314 -2748.571 -111.263 2674.286 
-1.000 -0.189 268.338 -2748.571 -110.311 2674.286 
-1.000 -0.297 267.362 -2742.857 -109.383 2805.715 
-1.000 -0.420 266.362 -2742.857 -108.478 2805.715 
-1.000 -0.486 265.410 -2765.714 -107.597 2897.144 
-1.000 -0.496 264.434 -2800.000 -106.764 2931.429 
-1.000 -0.496 263.482 -2800.000 -106.002 2931.429 
-1.000 -0.420 262.553 -2834.286 -105.312 2897.143 
-1.000 -0.235 261.625 -2857.143 -104.669 2794.286 
-1.000 0.000 260.696 -2857.143 -104.097 2794.286 
-1.000 0.000 259.768 -2862.857 -103.526 2611.429 
-1.000 0.000 258.815 -2868.571 -102.883 2417.143 
-1.000 0.000 257.887 -2868.571 -102.145 2417.143 
-1.000 0.000 256.959 -2857.143 -101.407 2291.429 
-1.000 0.000 256.030 -2840.000 -100.622 2217.143 
-1.000 0.000 255.102 -2840.000 -99.789 2217.143 
-1.000 0.000 254.173 -2817.143 -98.908 2188.572 
-1.000 0.000 253.221 -2817.143 -97.955 2188.572 
-1.000 0.000 252.292 -2811.428 -96.956 2211.428 
-1.000 0.000 251.340 -2800.000 -95.884 2302.857 
-1.000 0.000 250.412 -2800.000 -94.813 2302.857 
-1.000 0.000 249.483 -2805.714 -93.837 2445.714 
-1.000 0.000 248.555 -2800.000 -92.885 2588.571 
-1.000 0.000 247.650 -2800.000 -91.932 2588.571 
-1.000 0.000 246.698 -2794.285 -90.956 2725.714 
-1.000 0.000 245.770 -2794.285 -89.980 2817.143 
-1.000 0.000 244.865 -2794.285 -89.028 2817.143 
-1.000 0.000 243.936 -2794.285 -88.099 2885.714 
-1.000 0.000 242.984 -2794.285 -87.170 2885.714 
-1.000 0.000 242.056 -2794.285 -86.265 2920.000 
-1.000 0.000 241.127 -2788.571 -85.337 2920.000 
-1.000 0.000 240.151 -2788.571 -84.408 2920.000 
-1.000 0.000 239.175 -2800.000 -83.479 2880.000 
-1.000 0.000 238.223 -2811.429 -82.551 2828.571 
-1.000 0.000 237.247 -2811.429 -81.574 2828.571 
-1.000 0.000 236.271 -2834.286 -80.622 2828.571 
-1.000 0.000 235.318 -2845.715 -79.646 2828.571 
-1.000 0.000 234.366 -2845.715 -78.693 2828.571 
-1.000 0.000 233.414 -2851.429 -77.741 2828.571 
-1.000 0.000 232.486 -2857.143 -76.788 2828.571 
-1.000 0.000 231.557 -2857.143 -75.860 2828.571 
-1.000 0.000 230.629 -2857.143 -74.931 2828.571 
-1.000 0.000 229.676 -2857.143 -74.002 2828.571 
-1.000 0.000 228.748 -2862.858 -73.074 2828.571 
-1.000 0.000 227.819 -2851.429 -72.145 2834.286 
-1.000 0.000 226.867 -2851.429 -71.192 2834.286 
-1.000 0.000 225.939 -2834.286 -70.240 2840.000 
-1.000 0.000 224.987 -2822.857 -69.311 2834.286 
-1.000 0.000 224.034 -2822.857 -68.359 2834.286 
-1.000 0.000 223.106 -2817.143 -67.430 2822.857 
-1.000 0.000 222.154 -2817.143 -66.502 2805.714 
-1.000 0.000 221.201 -2817.143 -65.573 2805.714 
-1.000 0.000 220.273 -2817.143 -64.644 2805.714 
-1.000 0.000 219.321 -2817.143 -63.692 2805.714 
-1.000 0.000 218.368 -2822.857 -62.739 2805.714 
-1.000 0.025 217.416 -2828.571 -61.787 2817.143 
-1.000 0.056 216.464 -2828.571 -60.834 2817.143 
-1.000 0.056 215.535 -2834.285 -59.906 2822.857 
-1.000 0.056 214.631 -2834.285 -58.953 2822.857 
-1.000 0.117 213.750 -2834.285 -58.001 2822.857 
-1.000 0.132 212.869 -2811.428 -57.072 2822.857 
-1.000 0.147 211.988 -2788.571 -56.120 2828.571 
-1.000 0.173 211.203 -2788.571 -55.167 2828.571 
-1.000 0.193 210.441 -2731.429 -54.215 2834.286 
-1.000 0.244 209.727 -2651.429 -53.262 2840.000 
-1.000 0.284 209.060 -2651.429 -52.310 2840.000 
-1.000 0.345 208.393 -2554.286 -51.357 2845.714 
-1.000 0.391 207.798 -2554.286 -50.405 2845.714 
-1.000 0.447 207.227 -2428.571 -49.452 2845.714 
-1.000 0.477 206.727 -2274.286 -48.500 2845.714 
-1.000 0.488 206.251 -2274.286 -47.571 2845.714 
-1.000 0.493 205.822 -2108.572 -46.619 2845.714 
-1.000 0.493 205.489 -1925.714 -45.690 2845.714 
-1.000 0.493 205.132 -1925.714 -44.738 2845.714 
-1.000 0.493 204.751 -1725.714 -43.809 2840.000 
-1.000 0.488 204.323 -1577.143 -42.857 2840.000 
-1.000 0.488 203.870 -1577.143 -41.928 2840.000 
-1.000 0.488 203.394 -1474.286 -40.976 2834.285 
-1.000 0.493 202.894 -1474.286 -40.047 2834.285 
-1.000 0.503 202.370 -1400.000 -39.119 2828.571 
-1.000 0.528 201.847 -1360.000 -38.214 2817.143 
-1.000 0.569 201.347 -1360.000 -37.309 2817.143 
-1.000 0.640 200.871 -1354.286 -36.404 2805.714 
-1.000 0.650 200.418 -1342.857 -35.500 2788.571 
-1.000 0.650 200.061 -1342.857 -34.571 2788.571 
-1.000 0.650 199.752 -1337.142 -33.666 2777.143 
-1.000 0.650 199.490 -1314.286 -32.738 2771.428 
-1.000 0.650 199.276 -1314.286 -31.809 2771.428 
-1.000 0.650 199.038 -1251.429 -30.881 2765.714 
-1.000 0.650 198.776 -1171.429 -29.928 2765.714 
-1.000 0.650 198.490 -1171.429 -29.000 2765.714 
-1.000 0.650 198.157 -1102.857 -28.024 2771.428 
-1.000 0.650 197.800 -1102.857 -27.095 2771.428 
-1.000 0.650 197.466 -1034.286 -26.166 2777.142 
-1.000 0.650 197.133 -971.429 -25.214 2782.856 
-1.000 0.650 196.776 -971.429 -24.286 2782.856 
-1.000 0.650 196.395 -931.429 -23.357 2799.999 
-1.000 0.554 196.038 -925.715 -22.428 2805.713 
-1.000 0.300 195.657 -925.715 -21.500 2805.713 
-1.000 0.056 195.252 -960.000 -20.595 2805.713 
-1.000 0.000 194.776 -1034.286 -19.667 2799.999 
-1.000 0.000 194.252 -1034.286 -18.762 2799.999 
-1.000 0.000 193.681 -1142.857 -17.833 2794.285 
-1.000 0.000 193.038 -1142.857 -16.929 2794.285 
-1.000 0.000 192.348 -1257.143 -16.024 2777.142 
-1.000 0.000 191.610 -1394.286 -15.095 2765.713 
-1.000 0.041 190.824 -1394.286 -14.167 2765.713 
-1.000 0.142 190.039 -1554.286 -13.262 2765.714 
-1.000 0.289 189.253 -1714.286 -12.357 2754.285 
-1.000 0.416 188.396 -1714.286 -11.405 2754.285 
-1.000 0.620 187.491 -1897.143 -10.476 2754.285 
-1.000 0.650 186.587 -2091.428 -9.548 2760.000 
-1.000 0.650 185.730 -2091.428 -8.643 2760.000 
-1.000 0.650 184.896 -2257.143 -7.714 2765.714 
-1.000 0.650 184.111 -2360.000 -6.786 2760.000 
-1.000 0.650 183.397 -2360.000 -5.881 2760.000 
-1.000 0.650 182.730 -2400.000 -4.952 2765.714 
-1.000 0.650 182.111 -2400.000 -4.024 2765.714 
-1.000 0.650 181.564 -2371.428 -3.071 2771.428 
-1.000 0.650 181.087 -2280.000 -2.119 2777.143 
-1.000 0.650 180.683 -2280.000 -1.143 2777.143 
-1.000 0.650 180.302 -2148.571 -0.190 2800.000 
-1.000 0.452 179.969 -1960.000 0.786 2811.429 
-1.000 0.289 179.635 -1960.000 1.738 2811.429 
-1.000 0.188 179.254 -1754.286 2.714 2828.572 
-1.000 0.168 178.850 -1571.428 3.690 2840.000 
-1.000 0.168 178.397 -1571.428 4.643 2840.000 
-1.000 0.178 177.945 -1440.000 5.595 2857.143 
-1.000 0.320 177.445 -1440.000 6.524 2857.143 
-1.000 0.452 176.898 -1348.571 7.452 2868.572 
-1.000 0.625 176.302 -1320.000 8.357 2862.858 
-1.000 0.650 175.683 -1320.000 9.238 2862.858 
-1.000 0.650 175.088 -1354.285 10.119 2845.714 
-1.000 0.650 174.564 -1405.714 11.024 2811.429 
-1.000 0.650 174.088 -1405.714 11.929 2811.429 
-1.000 0.650 173.660 -1457.143 12.857 2794.286 
-1.000 0.650 173.327 -1468.571 13.786 2771.428 
-1.000 0.650 173.041 -1468.571 14.714 2771.428 
-1.000 0.650 172.803 -1434.286 15.643 2760.000 
-1.000 0.650 172.612 -1342.857 16.571 2748.571 
-1.000 0.650 172.374 -1342.857 17.500 2748.571 
-1.000 0.650 172.112 -1251.428 18.429 2742.857 
-1.000 0.650 171.803 -1251.428 19.357 2742.857 
-1.000 0.650 171.517 -1160.000 20.309 2748.572 
-1.000 0.650 171.208 -1034.286 21.238 2765.714 
-1.000 0.650 170.875 -1034.286 22.190 2765.714 
-1.000 0.650 170.517 -942.857 23.143 2788.571 
-1.000 0.650 170.160 -897.143 24.071 2800.000 
-1.000 0.650 169.756 -897.143 25.000 2800.000 
-1.000 0.650 169.375 -897.143 25.928 2805.714 
-1.000 0.650 168.994 -937.143 26.833 2800.000 
-1.000 0.650 168.613 -937.143 27.762 2800.000 
-1.000 0.650 168.256 -994.286 28.666 2794.285 
-1.000 0.650 167.899 -994.286 29.595 2794.285 
-1.000 0.650 167.565 -1045.714 30.524 2788.571 
-1.000 0.650 167.232 -1057.143 31.452 2788.571 
-1.000 0.650 166.899 -1057.143 32.357 2788.571 
-1.000 0.538 166.566 -1074.286 33.285 2782.857 
-1.000 0.366 166.232 -1080.000 34.214 2771.428 
-1.000 0.198 165.851 -1080.000 35.143 2771.428 
-1.000 0.117 165.423 -1074.286 36.071 2765.714 
-1.000 0.066 164.947 -1102.857 37.000 2771.428 
-1.000 0.041 164.423 -1102.857 37.928 2771.428 
-1.000 0.030 163.828 -1154.286 38.857 2771.428 
-1.000 0.025 163.185 -1251.428 39.785 2777.143 
-1.000 0.025 162.518 -1251.428 40.690 2777.143 
-1.000 0.025 161.804 -1365.714 41.619 2777.143 
-1.000 0.025 161.042 -1365.714 42.523 2777.143 
-1.000 0.025 160.185 -1520.000 43.452 2771.428 
-1.000 0.025 159.328 -1714.286 44.380 2771.428 
-1.000 0.025 158.448 -1714.286 45.309 2771.428 
-1.000 0.061 157.519 -1914.286 46.238 2777.143 
-1.000 0.173 156.519 -2148.572 47.143 2771.428 
-1.000 0.279 155.472 -2148.572 48.071 2771.428 
-1.000 0.482 154.448 -2365.715 48.976 2760.000 
-1.000 0.604 153.424 -2542.857 49.905 2760.000 
-1.000 0.650 152.448 -2542.857 50.810 2760.000 
-1.000 0.650 151.520 -2674.286 51.738 2754.285 
-1.000 0.650 150.663 -2674.286 52.667 2754.285 
-1.000 0.650 149.830 -2760.000 53.596 2760.000 
-1.000 0.650 149.068 -2782.857 54.572 2771.428 
-1.000 0.650 148.377 -2782.857 55.548 2771.428 
-1.000 0.650 147.735 -2731.429 56.501 2788.571 
-1.000 0.650 147.163 -2634.286 57.501 2805.714 
-1.000 0.650 146.663 -2634.286 58.477 2805.714 
-1.000 0.650 146.163 -2468.572 59.453 2834.286 
-1.000 0.650 145.663 -2262.857 60.430 2857.143 
-1.000 0.650 145.235 -2262.857 61.406 2857.143 
-1.000 0.650 144.878 -2045.714 62.382 2880.000 
-1.000 0.650 144.592 -1800.000 63.335 2897.143 
-1.000 0.650 144.378 -1800.000 64.287 2897.143 
-1.000 0.650 144.211 -1542.857 65.240 2908.572 
-1.000 0.650 144.045 -1542.857 66.168 2908.572 
-1.000 0.650 143.830 -1302.857 67.073 2902.857 
-1.000 0.650 143.569 -1120.000 67.978 2880.000 
-1.000 0.650 143.307 -1120.000 68.859 2880.000 
-1.000 0.650 142.997 -988.571 69.740 2845.715 
-1.000 0.650 142.664 -908.571 70.621 2805.715 
-1.000 0.650 142.307 -908.571 71.502 2805.715 
-1.000 0.650 141.926 -862.857 72.407 2771.429 
-1.000 0.650 141.593 -834.286 73.288 2737.144 
-1.000 0.650 141.236 -834.286 74.169 2737.144 
-1.000 0.650 140.926 -840.000 75.050 2708.572 
-1.000 0.650 140.569 -840.000 75.979 2708.572 
-1.000 0.650 140.236 -885.714 76.907 2685.715 
-1.000 0.650 139.879 -954.286 77.836 2685.715 
-1.000 0.650 139.521 -954.286 78.788 2685.715 
-1.000 0.650 139.164 -1005.714 79.765 2702.858 
-1.000 0.650 138.831 -1040.000 80.717 2731.429 
-1.000 0.650 138.498 -1040.000 81.670 2731.429 
-1.000 0.650 138.164 -1040.000 82.622 2760.000 
-1.000 0.650 137.831 -1028.571 83.575 2782.857 
-1.000 0.650 137.498 -1028.571 84.527 2782.857 
-1.000 0.650 137.165 -1022.857 85.480 2811.429 
-1.000 0.650 136.831 -1022.857 86.432 2834.286 
-1.000 0.650 136.474 -1022.857 87.337 2834.286 
-1.000 0.650 136.141 -1028.571 88.266 2840.000 
-1.000 0.650 135.808 -1028.571 89.170 2840.000 
-1.000 0.650 135.451 -1022.857 90.075 2834.286 
-1.000 0.650 135.117 -1011.428 91.004 2817.143 
-1.000 0.650 134.760 -1011.428 91.932 2817.143 
-1.000 0.650 134.379 -1017.143 92.837 2800.000 
-1.000 0.650 134.022 -1034.285 93.765 2788.571 
-1.000 0.650 133.641 -1034.285 94.694 2788.571 
-1.000 0.650 133.260 -1051.428 95.646 2782.856 
-1.000 0.650 132.903 -1062.857 96.575 2771.428 
-1.000 0.650 132.546 -1062.857 97.503 2771.428 
-1.000 0.650 132.213 -1068.571 98.432 2765.713 
-1.000 0.650 131.880 -1068.571 99.360 2765.713 
-1.000 0.650 131.546 -1057.143 100.288 2771.428 
-1.000 0.650 131.213 -1057.143 101.193 2777.143 
-1.000 0.650 130.880 -1057.143 102.122 2777.143 
-1.000 0.650 130.570 -1057.143 103.050 2782.857 
-1.000 0.650 130.213 -1045.714 103.978 2782.857 
-1.000 0.650 129.880 -1045.714 104.907 2782.857 
-1.000 0.650 129.547 -1034.286 105.835 2782.857 
-1.000 0.650 129.189 -1022.857 106.764 2782.857 
-1.000 0.650 128.856 -1022.857 107.668 2782.857 
-1.000 0.650 128.499 -1011.428 108.597 2777.143 
-1.000 0.650 128.142 -1017.143 109.502 2777.142 
-1.000 0.650 127.761 -1017.143 110.430 2777.142 
-1.000 0.650 127.404 -1034.285 111.335 2765.714 
-1.000 0.650 127.047 -1034.285 112.239 2765.714 
-1.000 0.650 126.714 -1045.714 113.168 2759.999 
-1.000 0.650 126.356 -1045.714 114.072 2754.285 
-1.000 0.650 126.023 -1045.714 115.001 2754.285 
-1.000 0.650 125.690 -1045.714 115.953 2760.000 
-1.000 0.650 125.333 -1051.428 116.882 2765.714 
-1.000 0.650 124.976 -1051.428 117.810 2765.714 
-1.000 0.650 124.619 -1051.428 118.738 2765.714 
-1.000 0.650 124.262 -1062.857 119.643 2765.714 
-1.000 0.650 123.928 -1062.857 120.548 2765.714 
-1.000 0.650 123.595 -1051.428 121.476 2754.285 
-1.000 0.650 123.262 -1051.428 122.381 2754.285 
-1.000 0.650 122.928 -1040.000 123.285 2765.714 
-1.000 0.650 122.595 -1022.857 124.190 2760.000 
-1.000 0.650 122.262 -1022.857 125.119 2760.000 
-1.000 0.650 121.928 -1022.857 126.023 2760.000 
-1.000 0.650 121.595 -1022.857 126.928 2754.285 
-1.000 0.650 121.262 -1022.857 127.856 2754.285 
-1.000 0.650 120.929 -1017.143 128.785 2742.856 
-1.000 0.650 120.595 -1011.428 129.737 2748.571 
-1.000 0.650 120.238 -1011.428 130.665 2748.571 
-1.000 0.650 119.905 -1005.714 131.618 2754.285 
-1.000 0.650 119.548 -1011.428 132.546 2771.428 
-1.000 0.650 119.191 -1011.428 133.475 2771.428 
-1.000 0.650 118.834 -1017.143 134.427 2771.428 
-1.000 0.650 118.500 -1017.143 135.355 2771.428 
-1.000 0.650 118.143 -1028.571 136.284 2788.571 
-1.000 0.650 117.810 -1028.571 137.212 2794.285 
-1.000 0.650 117.477 -1028.571 138.141 2794.285 
-1.000 0.650 117.120 -1034.286 139.069 2800.000 
-1.000 0.650 116.786 -1034.286 139.998 2805.714 
-1.000 0.650 116.453 -1034.286 140.902 2805.714 
-1.000 0.650 116.120 -1034.286 141.831 2794.285 
-1.000 0.650 115.786 -1028.571 142.759 2788.571 
-1.000 0.330 115.453 -1028.571 143.664 2788.571 
-1.000 0.000 115.096 -1022.857 144.592 2782.857 
-1.000 0.000 114.739 -1022.857 145.521 2782.857 
-1.000 0.000 114.310 -1022.857 146.449 2782.857 
-1.000 0.000 113.834 -1057.143 147.401 2777.142 
-1.000 0.000 113.287 -1057.143 148.330 2777.142 
-1.000 0.000 112.668 -1131.429 149.258 2777.143 
-1.000 0.000 112.025 -1234.286 150.187 2777.143 
-1.000 0.000 111.311 -1234.286 151.115 2777.143 
-1.000 0.000 110.549 -1371.428 152.044 2777.143 
-1.000 0.000 109.787 -1531.428 152.948 2777.143 
-1.000 0.000 109.025 -1531.428 153.853 2777.143 
-1.000 0.000 108.216 -1691.429 154.781 2777.143 
-1.000 0.000 107.311 -1891.429 155.710 2777.143 
-1.000 0.000 106.335 -1891.429 156.614 2777.143 
-1.000 0.000 105.312 -2125.715 157.495 2765.714 
-1.000 0.000 104.264 -2125.715 158.400 2765.714 
-1.000 0.000 103.169 -2354.286 159.305 2754.285 
-1.000 0.000 102.098 -2560.000 160.233 2748.571 
-1.000 0.000 101.074 -2560.000 161.138 2748.571 
-1.000 0.000 100.050 -2720.000 162.090 2742.856 
-1.000 0.000 99.027 -2834.286 163.018 2748.571 
-1.000 0.000 98.051 -2834.286 163.994 2748.571 
-1.000 0.000 97.098 -2914.286 164.947 2765.714 
-1.000 0.000 96.170 -2982.857 165.923 2782.857 
-1.000 0.000 95.241 -2982.857 166.899 2782.857 
-1.000 0.000 94.337 -3005.714 167.875 2800.000 
-1.000 0.000 93.456 -3005.714 168.851 2800.000 
-1.000 0.000 92.528 -2977.143 169.827 2828.571 
-1.000 0.000 91.623 -2925.714 170.779 2857.143 
-1.000 0.000 90.694 -2925.714 171.732 2857.143 
-1.000 0.000 89.766 -2862.857 172.684 2874.286 
-1.000 0.000 88.813 -2822.857 173.636 2885.714 
-1.000 0.000 87.837 -2822.857 174.564 2885.714 
-1.000 0.000 86.884 -2805.714 175.517 2885.714 
-1.000 0.000 85.908 -2805.714 176.445 2874.286 
-1.000 0.000 84.932 -2805.714 177.374 2874.286 
-1.000 0.000 83.956 -2811.429 178.302 2862.857 
-1.000 0.000 83.003 -2828.572 179.254 2851.428 
-1.000 0.000 82.027 -2828.572 180.183 2851.428 
-1.000 0.000 81.074 -2851.429 181.135 2834.286 
-1.000 0.000 80.146 -2851.429 182.087 2834.286 
-1.000 0.000 79.217 -2862.857 183.040 2828.571 
-1.000 0.000 78.288 -2868.571 183.992 2822.857 
-1.000 0.000 77.384 -2868.571 184.944 2822.857 
-1.000 0.000 76.455 -2857.143 185.873 2828.571 
-1.000 0.000 75.526 -2840.000 186.801 2822.857 
-1.000 0.000 74.621 -2840.000 187.729 2822.857 
-1.000 0.000 73.693 -2822.857 188.658 2822.857 
-1.000 0.000 72.740 -2811.428 189.610 2822.857 
-1.000 0.000 71.812 -2811.428 190.562 2822.857 
-1.000 0.000 70.883 -2799.999 191.491 2828.571 
-1.000 0.000 69.930 -2799.999 192.443 2828.571 
-1.000 0.000 68.978 -2788.571 193.372 2828.571 
-1.000 0.000 68.026 -2794.285 194.324 2822.857 
-1.000 0.000 67.097 -2794.285 195.276 2822.857 
-1.000 0.000 66.144 -2794.285 196.205 2822.857 
-1.000 0.000 65.216 -2805.714 197.157 2817.143 
-1.000 0.000 64.263 -2805.714 198.109 2817.143 
-1.000 0.000 63.311 -2822.857 199.038 2822.857 
-1.000 0.000 62.358 -2828.571 199.990 2828.571 
-1.000 0.000 61.406 -2828.571 200.918 2828.571 
-1.000 0.000 60.477 -2834.286 201.870 2834.286 
-1.000 0.000 59.525 -2834.286 202.823 2828.571 
-1.000 0.000 58.596 -2834.286 203.751 2828.571 
-1.000 0.000 57.667 -2834.285 204.703 2828.572 
-1.000 0.000 56.715 -2834.285 205.632 2828.572 
-1.000 0.000 55.762 -2828.572 206.584 2828.571 
-1.000 0.000 54.834 -2828.571 207.513 2828.571 
-1.000 0.000 53.881 -2828.571 208.465 2828.571 
-1.000 0.000 52.929 -2828.571 209.417 2828.571 
-1.000 0.000 52.000 -2828.571 210.346 2828.571 
-1.000 0.000 51.048 -2828.571 211.298 2828.571 
-1.000 0.000 50.095 -2828.571 212.250 2828.571 
-1.000 0.000 49.167 -2828.571 213.202 2828.571 
-1.000 0.000 48.214 -2828.571 214.155 2828.571 
-1.000 0.000 47.285 -2822.857 215.107 2834.286 
-1.000 0.000 46.333 -2822.857 216.035 2834.286 
-1.000 0.000 45.380 -2828.571 216.988 2840.000 
-1.000 0.000 44.452 -2828.572 217.916 2834.285 
-1.000 0.000 43.500 -2828.572 218.868 2834.285 
-1.000 0.000 42.547 -2834.286 219.821 2840.000 
-1.000 0.000 41.595 -2834.286 220.749 2834.286 
-1.000 0.000 40.666 -2834.286 221.701 2834.286 
-1.000 0.000 39.714 -2834.286 222.653 2834.286 
-1.000 0.000 38.762 -2834.286 223.606 2840.000 
-1.000 0.000 37.809 -2834.286 224.534 2840.000 
-1.000 0.000 36.881 -2834.286 225.486 2834.286 
-1.000 0.000 35.928 -2840.000 226.415 2828.571 
-1.000 0.000 34.976 -2840.000 227.367 2828.571 
-1.000 0.000 34.047 -2840.000 228.319 2828.571 
-1.000 0.000 33.095 -2840.000 229.272 2828.571 
-1.000 0.000 32.166 -2834.286 230.224 2840.000 
-1.000 0.000 31.238 -2834.286 231.176 2834.285 
-1.000 0.000 30.285 -2834.286 232.128 2834.285 
-1.000 0.000 29.357 -2834.286 233.057 2840.000 
-1.000 0.000 28.428 -2822.857 233.985 2840.000 
-1.000 0.000 27.476 -2822.857 234.938 2840.000 
-1.000 0.000 26.524 -2822.857 235.866 2834.285 
-1.000 0.000 25.595 -2822.857 236.818 2834.285 
-1.000 0.000 24.643 -2822.857 237.747 2834.285 
-1.000 0.000 23.690 -2817.143 238.699 2834.285 
-1.000 0.000 22.738 -2817.143 239.651 2834.285 
-1.000 0.000 21.786 -2822.857 240.604 2840.000 
-1.000 0.000 20.833 -2834.285 241.556 2834.285 
-1.000 0.000 19.881 -2834.285 242.508 2834.285 
-1.000 0.000 18.952 -2834.286 243.460 2834.285 
-1.000 0.000 18.000 -2834.286 244.389 2834.285 
-1.000 0.000 17.048 -2834.286 245.341 2834.285 
-1.000 0.000 16.119 -2840.000 246.269 2834.285 
-1.000 0.000 15.190 -2834.286 247.198 2828.571 
-1.000 0.000 14.238 -2834.286 248.150 2828.571 
-1.000 0.000 13.286 -2834.286 249.102 2834.285 
-0.289 0.000 12.333 -2840.000 250.031 2834.285 
0.000 0.000 11.405 -2840.000 250.983 2834.285 
0.748 0.000 10.476 -2834.285 251.888 2828.571 
1.000 0.000 9.595 -2834.285 252.769 2828.571 
1.000 0.000 8.786 -2811.428 253.602 2805.714 
1.000 0.000 8.048 -2754.285 254.364 2760.000 
1.000 0.000 7.357 -2754.285 255.054 2760.000 
1.000 0.000 6.738 -2662.856 255.697 2668.571 
1.000 0.000 6.167 -2531.428 256.268 2542.856 
1.000 0.000 5.667 -2531.428 256.792 2542.856 
1.000 0.000 5.214 -2371.428 257.268 2394.285 
1.000 0.000 4.786 -2182.856 257.720 2211.428 
1.000 0.000 4.405 -2182.856 258.125 2211.428 
1.000 0.000 4.119 -1971.428 258.482 2011.428 
1.000 0.000 3.881 -1971.428 258.720 2011.428 
1.000 0.000 3.738 -1708.571 258.911 1765.714 
1.000 0.000 3.619 -1428.571 259.053 1497.143 
1.000 0.000 3.548 -1428.571 259.125 1497.143 
1.000 0.000 3.548 -1160.000 259.125 1222.857 
1.000 0.000 3.595 -891.428 259.077 954.286 
1.000 0.000 3.714 -891.428 258.982 954.286 
1.000 0.000 3.905 -628.571 258.792 691.429 
1.000 0.000 4.143 -360.000 258.554 411.429 
1.000 0.000 4.476 -360.000 258.268 411.429 
1.000 0.000 4.857 -74.286 257.887 131.428 
1.000 0.000 5.286 222.857 257.458 -177.143 
1.000 0.000 5.810 222.857 256.959 -177.143 
1.000 0.000 6.405 514.286 256.387 -480.000 
1.000 0.000 7.048 514.286 255.744 -480.000 
1.000 0.000 7.762 805.714 255.054 -771.429 
1.000 0.000 8.548 1108.572 254.292 -1074.286 
1.000 0.000 9.357 1108.572 253.483 -1074.286 
1.000 0.000 10.214 1405.714 252.626 -1365.714 
1.000 0.000 11.119 1697.143 251.721 -1662.857 
1.000 0.000 12.071 1697.143 250.769 -1662.857 
1.000 0.000 13.071 1971.429 249.769 -1937.143 
1.000 0.000 14.119 2234.286 248.745 -2211.429 
1.000 0.000 15.167 2234.286 247.698 -2211.429 
1.000 0.000 16.238 2480.000 246.627 -2451.429 
1.000 0.000 17.286 2480.000 245.579 -2451.429 
1.000 0.000 18.309 2674.286 244.555 -2651.428 
1.000 0.000 19.333 2822.857 243.532 -2811.429 
1.000 0.000 20.309 2822.857 242.532 -2811.429 
1.000 0.000 21.286 2925.714 241.556 -2920.000 
1.000 0.000 22.214 2977.143 240.627 -2982.857 
1.000 0.000 23.143 2977.143 239.699 -2982.857 
1.000 0.000 24.047 2994.285 238.770 -2994.285 
1.000 0.000 24.976 2982.856 237.866 -2982.857 
1.000 0.000 25.881 2982.856 236.914 -2982.857 
1.000 0.000 26.809 2942.856 235.985 -2954.285 
1.000 0.000 27.738 2891.428 235.057 -2908.571 
1.000 0.000 28.666 2891.428 234.128 -2908.571 
1.000 0.000 29.619 2845.714 233.152 -2868.571 
1.000 0.000 30.571 2845.714 232.200 -2868.571 
1.000 0.000 31.547 2822.857 231.248 -2840.000 
1.000 0.000 32.524 2811.428 230.295 -2822.857 
1.000 0.000 33.476 2811.428 229.319 -2822.857 
1.000 0.000 34.452 2817.143 228.343 -2822.857 
1.000 0.000 35.428 2834.286 227.391 -2845.714 
1.000 0.000 36.404 2834.286 226.415 -2845.714 
1.000 0.000 37.357 2851.429 225.463 -2862.857 
1.000 0.020 38.309 2868.572 224.510 -2868.572 
1.000 0.076 39.262 2868.572 223.558 -2868.572 
1.000 0.132 40.214 2880.000 222.606 -2874.286 
1.000 0.168 41.166 2880.000 221.677 -2874.286 
1.000 0.218 42.119 2885.714 220.820 -2868.572 
1.000 0.274 43.071 2885.714 220.011 -2834.286 
1.000 0.310 44.000 2885.714 219.249 -2834.286 
1.000 0.386 44.952 2868.571 218.583 -2760.000 
1.000 0.457 45.904 2868.571 217.964 -2645.714 
1.000 0.599 46.857 2868.571 217.416 -2645.714 
1.000 0.650 47.809 2857.143 216.892 -2491.429 
1.000 0.650 48.738 2851.428 216.369 -2325.714 
1.000 0.650 49.643 2851.428 215.892 -2325.714 
1.000 0.650 50.571 2834.285 215.512 -2142.857 
1.000 0.650 51.476 2817.142 215.202 -1914.286 
1.000 0.650 52.405 2817.142 214.964 -1914.286 
1.000 0.650 53.310 2805.714 214.774 -1657.143 
1.000 0.650 54.262 2805.714 214.607 -1657.143 
1.000 0.650 55.215 2794.285 214.440 -1388.572 
1.000 0.650 56.167 2805.714 214.250 -1171.429 
1.000 0.650 57.120 2805.714 214.036 -1171.429 
1.000 0.650 58.072 2805.714 213.750 -1005.714 
1.000 0.650 59.025 2811.429 213.440 -902.857 
1.000 0.650 59.953 2811.429 213.083 -902.857 
1.000 0.650 60.834 2805.714 212.702 -845.715 
1.000 0.650 61.692 2788.572 212.298 -811.429 
1.000 0.650 62.549 2788.572 211.917 -811.429 
1.000 0.650 63.406 2760.000 211.536 -834.286 
1.000 0.650 64.287 2760.000 211.155 -834.286 
1.000 0.650 65.192 2748.572 210.774 -885.715 
1.000 0.650 66.121 2737.143 210.417 -960.000 
1.000 0.650 67.025 2737.143 210.060 -960.000 
1.000 0.650 67.954 2720.000 209.727 -1028.572 
1.000 0.650 68.883 2708.571 209.393 -1074.286 
1.000 0.650 69.811 2708.571 209.084 -1074.286 
1.000 0.650 70.716 2697.143 208.774 -1085.714 
1.000 0.650 71.669 2697.143 208.465 -1062.857 
1.000 0.650 72.597 2697.143 208.155 -1062.857 
1.000 0.650 73.550 2720.000 207.822 -1040.000 
1.000 0.650 74.479 2760.000 207.465 -1022.857 
1.000 0.650 75.431 2760.000 207.108 -1022.857 
1.000 0.650 76.383 2782.856 206.775 -1011.429 
1.000 0.650 77.312 2782.856 206.394 -1011.429 
1.000 0.650 78.241 2799.999 206.037 -1011.428 
0.717 0.650 79.193 2811.428 205.703 -1011.429 
0.213 0.650 80.146 2811.428 205.346 -1011.429 
0.000 0.650 81.074 2817.142 205.013 -1017.143 
0.000 0.650 81.932 2805.714 204.727 -1011.429 
0.000 0.650 82.765 2805.714 204.513 -1011.429 
0.000 0.650 83.503 2765.714 204.323 -982.857 
0.000 0.650 84.218 2691.428 204.204 -920.000 
0.000 0.650 84.837 2691.428 204.132 -920.000 
0.000 0.650 85.408 2571.428 204.132 -811.429 
0.000 0.650 85.908 2571.428 204.180 -811.429 
0.000 0.650 86.384 2411.428 204.275 -674.286 
0.000 0.650 86.837 2234.285 204.465 -497.143 
0.000 0.650 87.337 2234.285 204.680 -497.143 
0.000 0.650 87.861 2062.857 204.965 -280.000 
0.000 0.650 88.385 1902.857 205.275 -34.286 
0.000 0.650 88.956 1902.857 205.680 -34.286 
0.000 0.650 89.528 1771.428 206.108 217.143 
0.000 0.650 90.147 1685.714 206.608 480.000 
0.000 0.650 90.766 1685.714 207.179 480.000 
0.000 0.650 91.385 1645.714 207.822 754.286 
0.000 0.650 92.004 1645.714 208.512 1022.857 
0.000 0.650 92.647 1645.714 209.274 1022.857 
0.000 0.650 93.289 1697.143 210.060 1302.857 
0.000 0.650 93.885 1697.143 210.845 1302.857 
0.000 0.650 94.408 1742.857 211.607 1560.000 
0.000 0.650 94.932 1754.286 212.321 1754.286 
0.000 0.650 95.480 1754.286 212.988 1754.286 
0.000 0.239 96.027 1765.714 213.607 1897.143 
0.000 0.000 96.598 1771.428 214.202 1988.572 
0.000 0.000 97.146 1771.428 214.774 1988.572 
0.000 0.000 97.622 1754.286 215.273 2022.857 
0.000 0.000 98.051 1685.714 215.726 1982.857 
0.000 0.000 98.432 1685.714 216.107 1982.857 
0.000 0.000 98.765 1594.286 216.416 1880.000 
0.000 0.000 99.027 1594.286 216.678 1880.000 
0.000 0.000 99.241 1457.143 216.869 1697.143 
0.000 0.000 99.408 1314.286 216.988 1457.143 
0.000 0.000 99.503 1314.286 217.059 1457.143 
0.000 0.000 99.527 1160.000 217.059 1217.143 
0.000 0.000 99.503 954.286 217.035 960.000 
0.000 0.000 99.408 954.286 216.916 960.000 
0.000 0.000 99.265 714.286 216.726 691.428 
0.000 0.000 99.051 445.714 216.535 405.714 
0.000 0.000 98.836 445.714 216.345 405.714 
0.000 0.000 98.670 200.000 216.226 165.714 
0.000 0.000 98.574 11.429 216.131 -17.143 
0.000 0.000 98.551 11.429 216.107 -17.143 
0.000 0.000 98.551 -108.571 216.107 -131.428 
0.039 0.025 98.574 -108.571 216.131 -131.428 
0.472 0.066 98.622 -182.857 216.178 -188.572 
0.882 0.066 98.717 -200.000 216.202 -211.428 
1.000 0.000 98.836 -200.000 216.178 -211.428 
1.000 0.000 99.051 -154.286 216.131 -211.428 
1.000 0.000 99.289 -40.000 216.035 -194.286 
1.000 0.000 99.598 -40.000 215.869 -194.286 
1.000 0.000 99.979 131.429 215.654 -182.857 
1.000 0.000 100.384 360.000 215.393 -211.429 
1.000 0.000 100.836 360.000 215.107 -211.429 
1.000 0.000 101.241 571.429 214.821 -274.286 
1.000 0.000 101.693 571.429 214.464 -274.286 
1.000 0.000 102.217 742.857 214.012 -388.571 
1.000 0.000 102.812 942.857 213.512 -565.714 
1.000 0.315 103.479 942.857 212.988 -565.714 
1.000 0.645 104.193 1160.000 212.417 -771.429 
1.000 0.650 104.931 1382.857 211.798 -988.571 
1.000 0.650 105.740 1382.857 211.179 -988.571 
1.000 0.650 106.621 1600.000 210.560 -1200.000 
1.000 0.650 107.597 1834.286 209.941 -1371.429 
1.000 0.650 108.621 1834.286 209.369 -1371.429 
1.000 0.650 109.692 2068.572 208.846 -1497.143 
1.000 0.650 110.811 2314.286 208.346 -1582.857 
1.000 0.650 111.930 2314.286 207.917 -1582.857 
1.000 0.650 113.049 2577.143 207.513 -1617.143 
1.000 0.269 114.168 2577.143 207.132 -1617.143 
1.000 0.000 115.239 2788.571 206.775 -1594.286 
1.000 0.000 116.239 2948.571 206.441 -1525.714 
1.000 0.000 117.215 2948.571 206.060 -1525.714 
1.000 0.000 118.143 3045.714 205.656 -1451.428 
1.000 0.000 119.072 3085.714 205.227 -1365.714 
1.000 0.000 119.976 3085.714 204.751 -1365.714 
1.000 0.000 120.881 3085.714 204.227 -1314.286 
1.000 0.000 121.809 3045.714 203.608 -1308.571 
1.000 0.000 122.690 3045.714 202.942 -1308.571 
1.000 0.000 123.571 2971.428 202.228 -1371.429 
1.000 0.000 124.452 2971.428 201.490 -1371.429 
1.000 0.000 125.357 2879.999 200.728 -1485.714 
1.000 0.000 126.261 2800.000 199.990 -1622.857 
1.000 0.000 127.166 2800.000 199.204 -1622.857 
1.000 0.000 128.094 2737.143 198.371 -1782.857 
1.000 0.000 129.023 2720.000 197.442 -1965.715 
1.000 0.000 129.975 2720.000 196.443 -1965.715 
1.000 0.000 130.904 2731.428 195.419 -2188.572 
1.000 -0.194 131.761 2725.714 194.395 -2388.572 
1.000 -0.558 132.618 2725.714 193.372 -2388.572 
1.000 -0.650 133.475 2702.857 192.348 -2560.000 
1.000 -0.650 134.284 2680.000 191.348 -2691.429 
1.000 -0.650 135.093 2680.000 190.348 -2691.429 
1.000 -0.650 135.855 2645.714 189.348 -2788.572 
1.000 -0.650 136.546 2645.714 188.396 -2788.572 
1.000 -0.650 137.188 2577.143 187.444 -2868.572 
1.000 -0.650 137.784 2480.000 186.515 -2931.429 
1.000 -0.650 138.331 2480.000 185.611 -2931.429 
1.000 -0.650 138.831 2337.143 184.706 -2954.286 
1.000 -0.650 139.283 2160.000 183.778 -2925.714 
1.000 -0.650 139.688 2160.000 182.873 -2925.714 
1.000 -0.650 140.093 1982.857 181.944 -2885.714 
1.000 -0.154 140.402 1800.000 181.016 -2851.428 
1.000 -0.154 140.640 1800.000 180.064 -2851.428 
1.000 0.000 140.855 1571.429 179.135 -2817.142 
1.000 0.000 141.093 1571.429 178.183 -2817.142 
1.000 0.000 141.355 1360.000 177.207 -2805.714 
1.000 0.000 141.664 1194.286 176.255 -2800.000 
1.000 0.000 142.045 1194.286 175.303 -2800.000 
1.000 0.000 142.473 1091.429 174.350 -2811.428 
1.000 0.000 142.973 1057.143 173.374 -2817.143 
1.000 0.000 143.521 1057.143 172.422 -2817.143 
1.000 0.000 144.140 1080.000 171.493 -2834.286 
1.000 0.000 144.783 1154.286 170.565 -2845.714 
1.000 0.000 145.378 1154.286 169.732 -2845.714 
1.000 0.000 145.997 1245.714 168.970 -2805.714 
1.000 0.000 146.687 1405.714 168.184 -2748.572 
1.000 0.000 147.473 1405.714 167.351 -2748.572 
1.000 0.000 148.330 1617.143 166.470 -2702.857 
1.000 0.000 149.258 1617.143 165.613 -2702.857 
1.000 0.000 150.211 1851.428 164.732 -2668.572 
0.945 0.000 151.210 2080.000 163.852 -2640.000 
0.630 0.000 152.258 2080.000 162.923 -2640.000 
0.213 0.000 153.305 2297.143 162.042 -2622.857 
0.000 0.000 154.353 2491.429 161.161 -2594.286 
0.000 0.000 155.353 2491.429 160.328 -2594.286 
0.000 0.000 156.353 2640.000 159.519 -2560.000 
0.000 0.000 157.281 2771.429 158.781 -2542.858 
0.000 0.000 158.186 2771.429 158.067 -2542.858 
0.000 0.000 159.019 2857.143 157.448 -2508.572 
0.000 0.000 159.805 2857.143 156.829 -2508.572 
0.000 0.000 160.566 2862.857 156.281 -2428.572 
0.000 0.000 161.281 2805.715 155.734 -2308.572 
0.000 0.000 161.947 2805.715 155.210 -2308.572 
0.000 0.000 162.566 2697.143 154.781 -2171.429 
0.000 0.000 163.137 2537.143 154.448 -1988.571 
0.000 0.000 163.614 2537.143 154.186 -1988.571 
0.000 0.000 164.018 2325.714 153.996 -1760.000 
0.000 0.000 164.375 2085.714 153.877 -1497.143 
0.000 0.000 164.637 2085.714 153.829 -1497.143 
0.000 0.000 164.851 1828.571 153.829 -1222.857 
0.000 0.000 164.971 1554.285 153.877 -960.000 
0.000 0.000 165.042 1554.285 153.996 -960.000 
0.000 0.000 165.042 1274.285 154.186 -674.286 
0.000 0.000 164.994 1274.285 154.377 -674.286 
0.000 0.000 164.899 982.856 154.567 -400.000 
0.000 0.000 164.732 679.999 154.710 -137.143 
0.000 0.000 164.566 679.999 154.829 -137.143 
0.000 0.000 164.399 388.571 154.900 68.572 
0.000 0.000 164.233 142.857 154.900 182.857 
0.000 0.000 164.113 142.857 154.853 182.857 
0.000 0.000 164.042 -45.714 154.781 228.572 
0.000 0.000 164.042 -160.000 154.710 217.143 
0.000 0.000 164.066 -160.000 154.639 217.143 
0.000 0.000 164.137 -205.714 154.591 188.571 
0.000 0.000 164.185 -205.714 154.591 188.571 
0.000 0.000 164.233 -205.714 154.639 125.714 
0.000 0.000 164.256 -177.143 154.686 74.286 
0.000 0.000 164.256 -177.143 154.734 74.286 
0.000 0.000 164.256 -131.429 154.781 28.571 
0.000 0.000 164.256 -68.571 154.781 -17.143 
0.000 0.000 164.256 -68.571 154.781 -17.143 
0.000 0.000 164.256 -5.714 154.781 -28.571 
0.000 0.000 164.256 40.000 154.781 -17.143 
0.000 0.000 164.256 40.000 154.781 -17.143 
0.000 0.000 164.256 51.429 154.781 11.429 
0.000 0.000 164.256 40.000 154.781 34.286 
0.000 0.000 164.256 40.000 154.781 34.286 
0.000 0.000 164.256 17.143 154.781 45.714 
0.000 0.000 164.280 17.143 154.758 45.714 
0.000 0.000 164.280 5.714 154.758 22.857 
0.000 0.000 164.280 5.714 154.758 0.000 
0.000 0.000 164.280 5.714 154.758 0.000 
0.000 0.000 164.280 5.714 154.758 -5.714 
0.000 0.000 164.280 5.714 154.758 -5.714 
0.000 0.000 164.280 5.714 154.758 -5.714 
0.000 0.000 164.280 5.714 154.758 -5.714 
0.000 0.000 164.280 5.714 154.758 -5.714 
0.000 0.000 164.280 5.714 154.758 -5.714 
0.000 0.000 164.280 5.714 154.758 -5.714 
0.000 0.000 164.280 5.714 154.758 -5.714 
0.000 0.000 164.280 5.714 154.758 -5.714 
0.000 0.000 164.280 0.000 154.758 0.000 
0.000 0.000 164.280 0.000 154.758 0.000 
0.000 0.000 164.280 0.000 154.758 0.000 
0.000 0.000 164.280 0.000 154.758 0.000 
0.000 0.000 164.280 0.000 154.758 0.000 
0.000 0.000 164.280 0.000 154.758 0.000 
0.000 0.000 164.280 0.000 154.758 0.000 
0.000 0.000 164.280 0.000 154.758 0.000 
0.000 0.000 164.280 0.000 154.758 0.000 
0.000 0.000 164.280 0.000 154.758 0.000 
0.000 0.000 164.280 0.000 154.758 0.000 
0.000 0.000 164.280 0.000 154.758 0.000 
0.000 0.000 164.280 0.000 154.758 0.000 
0.000 0.000 164.280 0.000 154.758 0.000 
0.000 0.000 164.280 0.000 154.758 0.000 
0.000 0.000 164.280 0.000 154.758 0.000 
0.000 0.000 164.280 0.000 154.758 0.000 
0.000 0.000 164.280 0.000 154.758 0.000 
0.000 0.000 164.280 0.000 154.758 0.000 
0.000 0.000 164.280 0.000 154.758 0.000 
0.000 0.000 164.280 0.000 154.758 0.000 
0.000 0.000 164.280 0.000 154.758 0.000 
0.000 0.000 164.280 0.000 154.758 0.000 
0.000 0.000 164.280 0.000 154.758 0.000 
0.000 0.000 164.280 0.000 154.758 0.000 
0.000 0.000 164.280 0.000 154.758 0.000 
0.000 0.000 164.280 0.000 154.758 0.000 
0.000 0.000 164.280 0.000 154.758 0.000 
0.000 0.000 164.280 0.000 154.758 0.000 
0.000 0.000 164.280 0.000 154.758 0.000 
0.000 0.000 164.280 0.000 154.758 0.000 
0.000 0.000 164.280 0.000 154.758 0.000 
0.000 0.000 164.280 0.000 154.758 0.000 
0.000 0.000 164.280 0.000 154.758 0.000 
0.000 0.000 164.280 0.000 154.758 0.000 
0.000 0.000 164.280 0.000 154.758 0.000 
0.000 0.000 164.280 0.000 154.758 0.000 
0.000 0.000 164.280 0.000 154.758 0.000 
0.000 0.000 164.280 0.000 154.758 0.000 
0.000 0.000 164.280 0.000 154.758 0.000 
0.000 0.000 164.280 0.000 154.758 0.000 
0.000 0.000 164.280 0.000 154.758 0.000 
0.000 0.000 164.280 0.000 154.758 0.000 
0.000 0.000 164.280 0.000 154.758 0.000 
0.000 0.000 164.280 0.000 154.758 0.000 
0.000 0.000 164.280 0.000 154.758 0.000 
0.000 0.000 164.280 0.000 154.758 0.000 
0.000 0.000 164.280 0.000 154.758 0.000 
0.000 0.000 164.280 0.000 154.758 0.000 
0.000 0.000 164.280 0.000 154.758 0.000 
0.000 0.000 164.280 0.000 154.758 0.000 
0.000 0.000 164.280 0.000 154.758 0.000 
0.000 0.000 164.280 0.000 154.758 0.000 
0.000 0.000 164.280 0.000 154.758 0.000 
0.000 0.000 164.280 0.000 154.758 0.000 
0.000 0.000 164.280 0.000 154.758 0.000 
0.000 0.000 164.280 0.000 154.758 0.000 
0.000 0.000 164.280 0.000 154.758 0.000 
0.000 0.000 164.280 0.000 154.758 0.000 
0.000 0.000 164.280 0.000 154.758 0.000 
0.000 0.000 164.280 0.000 154.758 0.000 
0.000 0.000 164.280 0.000 154.758 0.000 
0.000 0.000 164.280 0.000 154.758 0.000 
0.000 0.000 164.280 0.000 154.758 0.000 
0.000 0.000 164.280 0.000 154.758 0.000 
0.000 0.000 164.280 0.000 154.758 0.000 
0.000 0.000 164.280 0.000 154.758 0.000 
0.000 0.000 164.280 0.000 154.758 0.000 
0.000 0.000 164.280 0.000 154.758 0.000 
0.000 0.000 164.280 0.000 154.758 0.000 
0.000 0.000 164.280 0.000 154.758 0.000 
0.000 0.000 164.280 0.000 154.758 0.000 
0.000 0.000 164.280 0.000 154.758 0.000 
0.000 0.000 164.280 0.000 154.758 0.000 
0.000 0.000 164.280 0.000 154.758 0.000 
0.000 0.000 164.280 0.000 154.758 0.000 
0.000 0.000 164.280 0.000 154.758 0.000 
0.000 0.000 164.280 0.000 154.758 0.000 
0.000 0.000 164.280 0.000 154.758 0.000 
0.000 0.000 164.280 0.000 154.758 0.000 
0.000 0.000 164.280 0.000 154.758 0.000 
0.000 0.000 164.280 0.000 154.758 0.000 
0.000 0.000 164.280 0.000 154.758 0.000 
0.000 0.000 164.280 0.000 154.758 0.000 
0.000 0.000 164.280 0.000 154.758 0.000 
0.000 0.000 164.280 0.000 154.758 0.000 
0.000 0.000 164.280 0.000 154.758 0.000 
0.000 0.000 164.280 0.000 154.758 0.000 
0.000 0.000 164.280 0.000 154.758 0.000 
0.000 0.000 164.280 0.000 154.758 0.000 
0.000 0.000 164.280 0.000 154.758 0.000 
0.000 0.000 164.280 0.000 154.758 0.000 
0.000 0.000 164.280 0.000 154.758 0.000 
0.000 0.000 164.280 0.000 154.758 0.000 
0.000 0.000 164.280 0.000 154.758 0.000 
0.000 0.000 164.280 0.000 154.758 0.000 
0.000 0.000 164.280 0.000 154.758 0.000 
0.000 0.000 164.280 0.000 154.758 0.000 
0.000 0.000 164.280 0.000 154.758 0.000 
0.000 0.000 164.280 0.000 154.758 0.000 
0.000 0.000 164.280 0.000 154.758 0.000 
0.000 0.000 164.280 0.000 154.758 0.000 
0.000 0.000 164.280 0.000 154.758 0.000 
0.000 0.000 164.280 0.000 154.758 0.000 
0.000 0.000 164.280 0.000 154.758 0.000 
0.000 0.000 164.280 0.000 154.758 0.000 
0.000 0.000 164.280 0.000 154.758 0.000 
0.000 0.000 164.280 0.000 154.758 0.000 
0.000 0.000 164.280 0.000 154.758 0.000 
0.000 0.000 164.280 0.000 154.758 0.000 
0.000 0.000 164.280 0.000 154.758 0.000 
0.000 0.000 164.280 0.000 154.758 0.000 
0.000 0.000 164.280 0.000 154.758 0.000 
0.000 0.000 164.280 0.000 154.758 0.000 
0.000 0.000 164.280 0.000 154.758 0.000 
0.000 0.000 164.280 0.000 154.758 0.000 
0.000 0.000 164.280 0.000 154.758 0.000 
0.000 0.000 164.280 0.000 154.758 0.000 
0.000 0.000 164.280 0.000 154.758 0.000 
0.000 0.000 164.280 0.000 154.758 0.000 
0.000 0.000 164.280 0.000 154.758 0.000 
0.000 0.000 164.280 0.000 154.758 0.000 
0.000 0.000 164.280 0.000 154.758 0.000 
0.000 0.000 164.280 0.000 154.758 0.000 
0.000 0.000 164.280 0.000 154.758 0.000 
0.000 0.000 164.280 0.000 154.758 0.000 
0.000 0.000 164.280 0.000 154.758 0.000 
0.000 0.000 164.280 0.000 154.758 0.000 
0.000 0.000 164.280 0.000 154.758 0.000 
0.000 0.000 164.280 0.000 154.758 0.000 
0.000 0.000 164.280 0.000 154.758 0.000 
0.000 0.000 164.280 0.000 154.758 0.000 
0.000 0.000 164.280 0.000 154.758 0.000 
0.000 0.000 164.280 0.000 154.758 0.000 
0.000 0.000 164.280 0.000 154.758 0.000 
0.000 0.000 164.280 0.000 154.758 0.000 
0.000 0.000 164.280 0.000 154.758 0.000 
0.000 0.000 164.280 0.000 154.758 0.000 
0.000 0.000 164.280 0.000 154.758 0.000 
0.000 0.000 164.280 0.000 154.758 0.000 
0.000 0.000 164.280 0.000 154.758 0.000 
0.000 0.000 164.280 0.000 154.758 0.000 
0.000 0.000 164.280 0.000 154.758 0.000 
0.000 0.000 164.280 0.000 154.758 0.000 
0.000 0.000 164.280 0.000 154.758 0.000 
0.000 0.000 164.280 0.000 154.758 0.000 
0.000 0.000 164.280 0.000 154.758 0.000 
0.000 0.000 164.280 0.000 154.758 0.000 
0.000 0.000 164.280 0.000 154.758 0.000 
0.000 0.000 164.280 0.000 154.758 0.000 
0.000 0.000 164.280 0.000 154.758 0.000 
0.000 0.000 164.280 0.000 154.758 0.000 
0.000 0.000 164.280 0.000 154.758 0.000 
0.000 0.000 164.280 0.000 154.758 0.000 
0.000 0.000 164.280 0.000 154.758 0.000 
0.000 0.000 164.280 0.000 154.758 0.000 
0.000 0.000 164.280 0.000 154.758 0.000 
0.000 0.000 164.280 0.000 154.758 0.000 
0.000 0.000 164.280 0.000 154.758 0.000 
0.000 0.000 164.280 0.000 154.758 0.000 
0.000 0.000 164.280 0.000 154.758 0.000 
0.000 0.000 164.280 0.000 154.758 0.000 
0.000 0.000 164.280 0.000 154.758 0.000 
0.000 0.000 164.280 0.000 154.758 0.000 
0.000 0.000 164.280 0.000 154.758 0.000 
0.000 0.000 164.280 0.000 154.758 0.000 
0.000 0.000 164.280 0.000 154.758 0.000 
0.000 0.000 164.280 0.000 154.758 0.000 
0.000 0.000 164.280 0.000 154.758 0.000 
0.000 0.000 164.280 0.000 154.758 0.000 
0.000 0.000 164.280 0.000 154.758 0.000 
0.000 0.000 164.280 0.000 154.758 0.000 
0.000 0.000 164.280 0.000 154.758 0.000 
