0.000 0.000 0.000 0.000 0.000 0.000 
0.000 0.000 0.000 0.000 0.000 0.000 
0.000 0.000 0.000 0.000 0.000 0.000 
0.000 0.000 0.000 0.000 0.000 0.000 
0.000 0.000 0.000 0.000 0.000 0.000 
0.000 0.000 0.000 0.000 0.000 0.000 
0.000 0.000 0.000 0.000 0.000 0.000 
0.000 0.000 0.000 0.000 0.000 0.000 
0.000 0.000 0.000 0.000 0.000 0.000 
0.000 0.000 0.000 0.000 0.000 0.000 
0.000 0.000 0.000 0.000 0.000 0.000 
0.000 0.000 0.000 0.000 0.000 0.000 
0.000 0.000 0.000 0.000 0.000 0.000 
0.000 0.000 0.000 0.000 0.000 0.000 
0.000 0.000 0.000 0.000 0.000 0.000 
0.000 0.000 0.000 0.000 0.000 0.000 
0.000 0.000 0.000 0.000 0.000 0.000 
0.000 0.000 0.000 0.000 0.000 0.000 
0.000 0.000 0.000 0.000 0.000 0.000 
0.000 0.000 0.000 0.000 0.000 0.000 
-0.102 0.000 0.000 0.000 0.000 0.000 
-0.102 0.000 0.000 0.000 0.000 0.000 
-0.313 0.000 0.000 0.000 0.000 0.000 
-0.953 0.000 -0.048 -5.714 0.071 5.714 
-1.000 0.000 -0.143 -5.714 0.167 5.714 
-1.000 0.000 -0.286 -34.286 0.310 40.000 
-1.000 0.000 -0.476 -91.429 0.500 97.143 
-1.000 0.000 -0.690 -91.429 0.690 97.143 
-1.000 0.000 -0.929 -171.429 0.952 177.143 
-1.000 0.000 -1.262 -280.000 1.262 280.000 
-1.000 0.000 -1.667 -280.000 1.667 280.000 
-1.000 0.000 -2.119 -422.857 2.095 422.857 
-1.000 0.000 -2.619 -605.714 2.595 600.000 
-1.000 0.000 -3.190 -605.714 3.143 600.000 
-1.000 0.000 -3.786 -817.143 3.738 805.714 
-1.000 0.046 -4.452 -1051.429 4.405 1040.000 
-1.000 0.229 -5.190 -1051.429 5.119 1040.000 
-1.000 0.406 -5.952 -1302.857 5.881 1280.000 
-1.000 0.406 -6.810 -1302.857 6.690 1280.000 
-1.000 0.650 -7.690 -1554.286 7.571 1520.000 
-1.000 0.650 -8.643 -1817.143 8.524 1782.857 
-1.000 0.650 -9.643 -1817.143 9.476 1782.857 
-1.000 0.650 -10.643 -2074.286 10.524 2040.000 
-1.000 0.650 -11.619 -2308.571 11.667 2302.857 
-1.000 0.650 -12.595 -2308.571 12.833 2302.857 
-1.000 0.650 -13.548 -2491.428 14.095 2571.429 
-1.000 0.650 -14.405 -2617.143 15.381 2845.714 
-1.000 0.650 -15.238 -2617.143 16.762 2845.714 
-1.000 0.650 -16.000 -2680.000 18.238 3125.714 
-1.000 0.650 -16.714 -2680.000 19.738 3125.714 
-1.000 0.650 -17.381 -2674.286 21.309 3417.143 
-1.000 0.650 -18.000 -2611.428 22.928 3714.286 
-1.000 0.650 -18.571 -2611.428 24.571 3714.286 
-1.000 0.650 -19.119 -2485.714 26.238 3982.857 
-1.000 0.650 -19.690 -2325.714 27.976 4257.143 
-1.000 0.650 -20.286 -2325.714 29.714 4257.143 
-1.000 0.650 -20.857 -2171.428 31.452 4508.572 
-1.000 0.650 -21.476 -2028.571 33.190 4714.286 
-1.000 0.650 -22.095 -1925.714 36.785 4902.857 
-1.000 0.650 -22.762 -1925.714 36.785 4902.857 
-1.000 0.650 -23.452 -1925.714 38.595 4902.857 
-1.000 0.650 -24.167 -1879.999 40.381 5062.857 
-1.000 0.650 -24.881 -1874.285 42.166 5165.714 
-1.000 0.650 -25.595 -1874.285 43.976 5165.714 
-1.000 0.650 -26.309 -1897.143 45.738 5245.714 
-1.000 0.650 -27.024 -1948.571 47.524 5302.857 
-1.000 0.650 -27.714 -1948.571 49.309 5302.857 
-1.000 0.650 -28.405 -2005.714 51.095 5337.143 
-1.000 0.000 -29.071 -2034.286 54.667 5348.571 
-1.000 0.000 -29.738 -2034.286 54.667 5348.571 
-1.000 0.000 -30.405 -2062.857 56.453 5365.714 
-1.000 0.000 -31.119 -2085.715 58.263 5371.428 
-1.000 0.000 -31.881 -2085.715 60.049 5371.428 
-1.000 0.000 -32.690 -2114.286 61.858 5365.714 
-1.000 0.000 -33.571 -2114.286 63.668 5365.714 
-1.000 0.000 -34.500 -2171.429 65.478 5377.143 
-1.000 0.000 -35.476 -2257.143 67.264 5377.143 
-1.000 0.000 -36.500 -2257.143 69.073 5377.143 
-1.000 0.000 -37.547 -2371.428 70.859 5382.857 
-1.000 -0.046 -38.619 -2502.857 72.621 5382.856 
-1.000 -0.343 -39.738 -2502.857 74.359 5365.714 
-1.000 -0.568 -40.904 -2668.572 76.098 5365.714 
-1.000 -0.650 -42.142 -2868.572 77.860 5354.285 
-1.000 -0.650 -43.452 -2868.572 79.574 5354.285 
-1.000 -0.650 -44.809 -3102.857 81.265 5325.713 
-1.000 -0.650 -46.238 -3102.857 82.908 5325.713 
-1.000 -0.650 -47.714 -3337.143 84.503 5268.571 
-1.000 -0.650 -49.262 -3577.143 86.051 5182.857 
-1.000 -0.650 -50.881 -3577.143 87.575 5182.857 
-1.000 -0.650 -52.548 -3822.857 89.004 5080.000 
-1.000 -0.650 -54.286 -4074.286 90.409 4942.857 
-1.000 -0.650 -56.072 -4074.286 91.742 4777.144 
-1.000 -0.650 -57.882 -4348.571 93.051 4777.144 
-1.000 -0.650 -59.691 -4605.714 94.337 4611.429 
-1.000 -0.650 -61.525 -4605.714 95.551 4611.429 
-1.000 -0.650 -63.382 -4845.714 96.765 4417.144 
-1.000 -0.650 -65.216 -5051.429 97.908 4211.429 
-1.000 -0.650 -67.073 -5051.429 98.979 4211.429 
-1.000 -0.650 -68.930 -5222.857 100.003 3994.286 
-1.000 -0.650 -70.812 -5222.857 100.955 3994.286 
-1.000 -0.650 -72.693 -5360.000 101.812 3760.000 
-1.000 -0.650 -74.574 -5462.857 102.645 3514.286 
-1.000 -0.650 -76.455 -5462.857 103.431 3514.286 
-1.000 -0.650 -78.360 -5537.143 104.145 3274.286 
-1.000 -0.650 -80.241 -5577.143 104.764 3028.572 
-1.000 -0.650 -82.146 -5577.143 105.335 3028.572 
-1.000 -0.650 -84.027 -5611.428 105.859 2754.286 
-1.000 -0.650 -85.884 -5622.857 106.335 2474.286 
-1.000 -0.650 -87.766 -5622.857 106.835 2474.286 
-1.000 -0.650 -89.623 -5628.572 107.335 2217.144 
-1.000 -0.650 -91.480 -5628.572 107.883 2217.144 
-1.000 -0.589 -93.313 -5634.287 108.454 2017.144 
-1.000 -0.184 -95.146 -5617.144 109.097 1880.000 
-1.000 0.000 -96.979 -5617.144 109.787 1880.000 
-1.000 0.000 -98.789 -5600.000 110.525 1805.714 
-1.000 0.000 -100.598 -5571.429 111.335 1800.000 
-1.000 0.000 -102.383 -5537.144 112.930 1845.714 
-1.000 0.000 -104.169 -5537.144 112.930 1845.714 
-1.000 0.000 -105.931 -5491.430 113.763 1937.142 
-1.000 0.000 -107.716 -5491.430 114.668 1937.142 
-1.000 0.000 -109.502 -5457.144 115.644 2091.429 
-1.000 0.000 -111.263 -5422.857 116.667 2291.429 
-1.000 0.000 -113.049 -5422.857 117.786 2291.429 
-1.000 0.000 -114.810 -5388.572 118.929 2502.857 
-1.000 0.000 -116.548 -5388.572 120.119 2502.857 
-1.000 0.000 -118.310 -5360.000 121.405 2725.714 
-1.000 0.000 -120.072 -5331.430 122.714 2954.286 
-1.000 0.000 -121.809 -5331.430 124.071 2954.286 
-1.000 0.000 -123.571 -5308.572 125.476 3171.429 
-1.000 0.000 -125.333 -5297.144 126.952 3405.715 
-1.000 0.000 -127.094 -5297.144 128.499 3405.715 
-1.000 0.000 -128.880 -5297.144 130.094 3960.000 
-1.000 0.000 -130.665 -5297.144 131.784 3960.000 
-1.000 0.000 -132.475 -5297.144 133.475 3960.000 
-1.000 0.000 -134.284 -5302.857 135.189 4217.144 
-1.000 0.000 -136.070 -5302.857 136.950 4217.144 
-1.000 0.000 -137.879 -5314.286 138.712 4457.144 
-1.000 0.000 -139.688 -5337.143 140.498 4674.286 
-1.000 0.000 -141.521 -5337.143 142.283 4674.286 
-1.000 0.000 -143.330 -5360.000 144.068 4862.857 
-1.000 0.000 -145.140 -5382.857 145.854 5022.857 
-1.000 0.000 -146.949 -5382.857 147.663 5165.714 
-1.000 0.000 -148.758 -5400.000 149.449 5165.714 
-1.000 0.000 -150.591 -5422.856 151.282 5262.857 
-1.000 0.000 -152.448 -5422.856 153.115 5262.857 
-1.000 0.000 -154.281 -5445.714 154.972 5337.143 
-1.000 0.000 -156.138 -5462.857 156.805 5388.572 
-1.000 0.000 -157.995 -5462.857 158.662 5388.572 
-1.000 0.000 -159.852 -5485.715 160.495 5428.572 
-1.000 0.000 -161.709 -5485.715 162.352 5428.572 
-1.000 0.000 -163.566 -5502.857 164.209 5462.858 
-1.000 0.000 -165.423 -5520.000 166.066 5485.715 
-1.000 0.000 -167.280 -5520.000 167.899 5485.715 
-1.000 0.000 -169.137 -5531.429 169.756 5508.573 
-1.000 0.000 -170.994 -5548.571 171.589 5525.716 
-1.000 0.000 -172.874 -5548.571 173.469 5525.716 
-1.000 0.000 -174.731 -5565.715 175.326 5548.572 
-1.000 0.000 -176.612 -5577.144 177.207 5560.000 
-1.000 0.000 -178.469 -5577.144 179.064 5560.000 
-1.000 0.000 -180.349 -5582.857 180.945 5565.715 
-1.000 0.000 -182.206 -5582.857 182.825 5565.715 
-1.000 0.000 -184.087 -5588.572 184.682 5577.144 
-1.000 0.000 -185.968 -5594.286 186.539 5582.858 
-1.000 0.000 -187.825 -5594.286 188.396 5582.858 
-1.000 0.000 -189.682 -5594.286 190.253 5588.572 
-1.000 0.000 -191.562 -5605.715 192.157 5594.286 
-1.000 0.000 -193.419 -5605.715 193.991 5594.286 
-1.000 0.000 -195.276 -5611.430 195.847 5594.286 
-1.000 0.000 -197.157 -5605.715 197.728 5594.286 
-1.000 0.000 -199.014 -5605.715 199.561 5594.286 
-1.000 0.000 -200.894 -5605.715 201.418 5588.571 
-1.000 0.000 -202.751 -5605.715 203.275 5588.571 
-1.000 0.000 -204.608 -5605.715 205.156 5588.571 
-1.000 0.000 -206.489 -5600.001 207.013 5588.571 
-1.000 0.000 -208.370 -5600.001 208.893 5588.571 
-1.000 0.000 -210.250 -5600.001 210.774 5588.571 
-1.000 -0.067 -212.131 -5611.430 212.655 5599.999 
-1.000 -0.220 -215.892 -5617.144 216.440 5605.714 
-1.000 -0.220 -215.892 -5617.144 216.440 5605.714 
-1.000 -0.322 -217.797 -5617.144 218.273 5605.714 
-1.000 -0.379 -219.678 -5617.144 220.059 5605.714 
-1.000 -0.466 -221.535 -5628.572 221.796 5582.858 
-1.000 -0.512 -223.415 -5628.572 223.487 5531.429 
-1.000 -0.568 -225.296 -5628.572 225.129 5531.429 
-1.000 -0.650 -227.201 -5640.000 226.701 5445.715 
-1.000 -0.650 -229.081 -5651.429 228.224 5314.286 
-1.000 -0.650 -230.962 -5651.429 229.676 5314.286 
-1.000 -0.650 -232.866 -5657.143 231.105 5154.286 
-1.000 -0.650 -234.771 -5657.143 232.509 5154.286 
-1.000 -0.650 -236.699 -5662.857 233.914 4977.143 
-1.000 -0.650 -238.580 -5668.572 235.223 4788.572 
-1.000 -0.650 -240.484 -5668.572 236.461 4788.572 
-1.000 -0.650 -242.389 -5680.001 237.652 4565.715 
-1.000 -0.650 -244.294 -5685.716 238.747 4320.001 
-1.000 -0.650 -246.174 -5685.716 239.794 4320.001 
-1.000 -0.650 -248.079 -5691.430 240.794 4062.858 
-1.000 -0.650 -249.983 -5691.430 241.675 3805.714 
-1.000 -0.650 -251.864 -5691.430 242.532 3805.714 
-1.000 -0.650 -253.745 -5691.430 243.317 3548.572 
-1.000 -0.650 -255.625 -5691.430 244.032 3548.572 
-1.000 -0.650 -257.506 -5685.716 244.674 3280.001 
-1.000 -0.650 -259.387 -5680.001 245.270 2982.857 
-1.000 -0.650 -261.244 -5680.001 245.770 2982.857 
-1.000 -0.650 -263.101 -5668.572 246.198 2662.856 
-1.000 -0.650 -264.957 -5651.429 246.674 2354.285 
-1.000 -0.650 -266.814 -5651.429 247.150 2354.285 
-1.000 -0.650 -268.671 -5628.571 247.674 1920.000 
-1.000 -0.650 -270.528 -5617.143 248.222 1920.000 
-1.000 -0.583 -272.337 -5617.143 248.841 1920.000 
-1.000 -0.343 -274.171 -5594.286 249.507 1800.000 
-1.000 -0.210 -275.980 -5594.286 250.245 1800.000 
-1.000 0.000 -277.813 -5565.715 251.007 1748.571 
-1.000 0.000 -279.598 -5542.857 251.816 1771.428 
-1.000 0.000 -281.384 -5542.857 252.626 1771.428 
-1.000 0.000 -283.169 -5502.857 253.459 1840.000 
-1.000 0.000 -284.955 -5468.571 254.340 1965.714 
-1.000 0.000 -286.740 -5468.571 255.292 1965.714 
-1.000 0.000 -288.502 -5440.000 256.292 2148.571 
-1.000 0.000 -290.264 -5411.429 257.339 2354.286 
-1.000 0.000 -292.025 -5411.429 258.482 2354.286 
-1.000 0.000 -293.787 -5377.144 259.649 2577.143 
-1.000 0.000 -295.549 -5348.573 260.887 2794.286 
-1.000 0.000 -297.310 -5348.573 262.172 2794.286 
-1.000 0.000 -299.048 -5325.715 263.529 3017.143 
-1.000 0.000 -300.834 -5325.715 264.910 3017.143 
-1.000 0.000 -302.572 -5308.573 266.362 3240.000 
-1.000 0.000 -304.310 -5297.144 267.862 3485.715 
-1.000 0.025 -306.071 -5297.144 269.433 3485.715 
-1.000 0.188 -307.833 -5280.001 271.076 3748.572 
-1.000 0.564 -309.595 -5280.001 272.742 4022.858 
-1.000 0.650 -311.380 -5280.001 274.409 4022.858 
-1.000 0.650 -313.118 -5280.001 276.123 4257.145 
-1.000 0.650 -314.832 -5262.857 277.861 4485.715 
-1.000 0.650 -316.522 -5262.857 279.670 4485.715 
-1.000 0.650 -318.165 -5240.000 281.479 4708.572 
-1.000 0.650 -319.760 -5240.000 283.265 4708.572 
-1.000 0.650 -321.307 -5188.571 285.050 4897.144 
-1.000 0.650 -322.783 -5097.143 286.883 5051.429 
-1.000 0.650 -324.188 -5097.143 288.716 5051.429 
-1.000 0.650 -325.569 -4977.142 290.573 5194.287 
-1.000 0.650 -326.902 -4834.286 292.406 5302.857 
-1.000 0.650 -328.164 -4834.286 294.263 5302.857 
-1.000 0.650 -329.401 -4640.000 296.120 5371.430 
-1.000 0.650 -330.616 -4445.714 298.001 5451.430 
-1.000 0.650 -331.782 -4445.714 299.858 5451.430 
-1.000 0.650 -332.853 -4228.571 301.738 5497.143 
-1.000 0.650 -333.901 -3988.572 303.643 5531.429 
-1.000 0.650 -334.877 -3988.572 305.547 5531.429 
-1.000 0.650 -335.782 -3748.571 307.476 5577.143 
-1.000 0.650 -336.639 -3748.571 309.380 5577.143 
-1.000 0.650 -337.424 -3251.428 311.285 5645.714 
-1.000 0.650 -338.138 -3251.428 313.189 5645.714 
-1.000 0.650 -338.757 -3251.428 315.118 5645.714 
-1.000 0.650 -339.329 -2982.857 316.998 5668.572 
-1.000 0.650 -339.805 -2708.571 318.855 5685.714 
-1.000 0.650 -340.257 -2708.571 320.736 5685.714 
-1.000 0.650 -340.733 -2411.429 322.569 5679.999 
-1.000 0.650 -341.233 -2160.000 324.426 5674.286 
-1.000 0.650 -341.757 -2160.000 326.259 5674.286 
-1.000 0.650 -342.328 -1971.429 328.116 5657.143 
-1.000 0.650 -342.971 -1971.429 329.949 5657.143 
-1.000 0.650 -343.662 -1834.286 331.782 5628.572 
-1.000 0.650 -344.376 -1771.429 333.568 5594.286 
-1.000 0.650 -345.114 -1771.429 335.329 5594.286 
-1.000 0.650 -345.876 -1760.000 337.139 5542.857 
-1.000 0.650 -346.614 -1800.000 338.900 5497.144 
-1.000 0.650 -347.328 -1800.000 340.662 5497.144 
-1.000 0.650 -348.018 -1954.286 344.233 5417.143 
-1.000 0.650 -348.708 -1954.286 344.233 5417.143 
-1.000 0.650 -349.399 -1954.286 346.018 5417.143 
-1.000 0.650 -350.065 -2040.000 347.804 5371.428 
-1.000 0.650 -350.732 -2085.714 349.542 5371.428 
-1.000 0.650 -351.375 -2085.714 351.327 5371.428 
-1.000 0.650 -352.018 -2097.142 353.113 5342.857 
-1.000 0.650 -352.660 -2097.142 354.898 5342.857 
-1.000 0.650 -353.303 -2074.285 356.636 5331.429 
-1.000 0.650 -353.922 -2040.000 358.398 5320.000 
-1.000 0.650 -354.589 -2040.000 360.183 5320.000 
-1.000 0.650 -355.231 -2000.000 361.992 5320.001 
-1.000 0.650 -355.898 -1982.857 363.826 5342.858 
-1.000 0.650 -356.588 -1982.857 365.612 5342.858 
-1.000 0.650 -357.279 -1977.143 367.423 5354.287 
-1.000 0.650 -357.945 -1971.428 369.234 5354.287 
-1.000 0.386 -358.636 -1971.428 371.021 5354.287 
-1.000 0.122 -359.326 -1977.143 372.832 5371.430 
-1.000 0.000 -360.040 -1977.143 374.619 5371.430 
-1.000 0.000 -360.778 -2000.000 376.383 5377.144 
-1.000 0.000 -361.564 -2040.000 378.170 5377.144 
-1.000 0.010 -362.421 -2040.000 379.981 5377.144 
-1.000 0.163 -363.326 -2114.285 381.744 5388.572 
-1.000 0.493 -364.278 -2217.143 383.507 5382.856 
-1.000 0.650 -365.279 -2217.143 385.294 5382.856 
-1.000 0.650 -366.375 -2342.857 387.082 5365.714 
-1.000 0.650 -367.471 -2508.572 388.869 5360.001 
-1.000 0.650 -368.567 -2508.572 390.656 5360.001 
-1.000 0.650 -369.592 -2651.429 392.419 5342.857 
-1.000 0.650 -370.569 -2771.429 394.206 5342.857 
-1.000 0.650 -371.522 -2771.429 396.017 5342.857 
-1.000 0.650 -372.403 -2862.857 397.852 5348.572 
-1.000 0.650 -373.237 -2862.857 399.639 5348.572 
-1.000 0.650 -374.000 -2897.143 401.378 5360.000 
-1.000 0.650 -374.715 -2862.857 403.142 5342.857 
-1.000 0.650 -375.334 -2862.857 404.953 5342.857 
-1.000 0.650 -375.930 -2765.714 406.764 5354.287 
-1.000 0.650 -376.454 -2594.286 408.551 5365.715 
-1.000 0.650 -376.955 -2594.286 410.385 5365.715 
-1.000 0.650 -377.503 -2371.428 412.220 5377.144 
-1.000 0.650 -378.146 -2188.571 414.079 5400.000 
-1.000 0.650 -378.813 -2188.571 415.890 5400.000 
-1.000 0.650 -379.480 -2062.857 417.725 5417.143 
-1.000 0.650 -380.148 -2062.857 419.583 5417.143 
-1.000 0.650 -380.815 -1960.000 421.418 5428.572 
-1.000 0.650 -381.506 -1902.857 423.253 5440.001 
-1.000 0.650 -382.221 -1902.857 425.040 5440.001 
-1.000 0.650 -382.935 -1885.714 426.851 5468.572 
-1.000 0.650 -383.650 -1908.572 428.662 5468.572 
-1.000 0.650 -384.341 -1908.572 430.449 5468.572 
-1.000 0.650 -385.056 -1965.714 432.236 5468.571 
-1.000 0.650 -385.747 -2034.286 434.047 5451.430 
-1.000 0.650 -386.414 -2034.286 435.810 5451.430 
-1.000 0.650 -387.058 -2062.857 437.597 5428.572 
-1.000 0.650 -387.725 -2057.143 439.408 5417.143 
-1.000 0.650 -388.368 -2057.143 441.195 5417.143 
-1.000 0.650 -389.035 -2051.429 442.982 5405.714 
-1.000 0.650 -389.679 -2051.429 444.793 5405.714 
-1.000 0.650 -390.346 -2040.000 446.604 5388.572 
-1.000 0.650 -390.989 -2022.857 448.391 5382.857 
-1.000 0.650 -391.657 -2022.857 450.178 5382.857 
-1.000 0.650 -392.324 -2005.714 451.942 5377.144 
-1.000 0.650 -393.015 -1994.286 453.753 5371.428 
-1.000 0.650 -393.682 -1994.286 455.540 5371.428 
-1.000 0.650 -394.349 -1982.857 457.327 5377.144 
-1.000 0.650 -395.040 -1994.286 459.114 5371.429 
-1.000 0.650 -395.707 -1994.286 460.901 5371.429 
-1.000 0.650 -396.398 -2000.000 462.712 5371.430 
-1.000 0.650 -397.066 -2000.000 464.523 5371.430 
-1.000 0.650 -397.757 -2005.714 466.334 5377.144 
-1.000 0.650 -398.424 -2017.143 468.121 5377.144 
-1.000 0.650 -399.091 -2017.143 469.932 5377.144 
-1.000 0.650 -399.758 -2022.856 471.719 5377.143 
-1.000 0.650 -400.425 -2017.142 473.530 5382.858 
-1.000 0.650 -401.092 -2017.142 475.317 5382.858 
-1.000 0.650 -402.427 -2017.142 478.891 5382.858 
-1.000 0.650 -402.427 -2017.142 478.891 5382.858 
-1.000 0.650 -403.094 -2017.142 480.702 5382.858 
-1.000 0.650 -403.761 -2005.714 482.513 5394.287 
-1.000 0.650 -404.452 -2011.428 484.348 5405.715 
-1.000 0.650 -405.143 -2011.428 486.159 5405.715 
-1.000 0.650 -405.858 -2022.857 488.018 5411.430 
-1.000 0.650 -406.549 -2022.857 489.805 5411.430 
-1.000 0.650 -407.216 -2028.571 491.616 5417.144 
-1.000 0.650 -407.907 -2028.571 493.403 5417.144 
-1.000 0.650 -408.575 -2028.571 495.190 5417.144 
-1.000 0.650 -409.218 -2034.286 497.001 5411.430 
-1.000 0.650 -409.885 -2034.285 498.788 5411.429 
-1.000 0.650 -410.552 -2034.285 500.575 5411.429 
-1.000 0.650 -411.219 -2028.571 502.362 5411.430 
-1.000 0.650 -411.887 -2028.571 504.197 5417.143 
-1.000 0.650 -412.554 -2028.571 505.984 5417.143 
-1.000 0.650 -413.197 -2022.857 507.819 5411.429 
-1.000 0.650 -413.888 -2022.857 509.630 5411.429 
-1.000 0.650 -414.555 -2011.428 511.441 5405.714 
-1.000 0.650 -415.246 -1999.999 513.251 5405.714 
-1.000 0.630 -415.937 -1999.999 515.086 5405.714 
-1.000 0.061 -416.628 -2011.428 516.897 5411.429 
-1.000 0.000 -417.319 -2017.142 518.708 5428.572 
-1.000 0.000 -418.034 -2017.142 520.519 5428.572 
-1.000 0.000 -418.797 -2034.286 522.330 5428.571 
-1.000 0.020 -419.631 -2085.714 524.117 5434.287 
-1.000 0.381 -420.512 -2085.714 525.928 5434.287 
-1.000 0.650 -421.466 -2285.714 527.715 5417.144 
-1.000 0.650 -422.466 -2285.714 529.502 5417.144 
-1.000 0.650 -423.515 -2285.714 531.313 5417.144 
-1.000 0.650 -424.516 -2428.571 533.100 5417.144 
-1.000 0.650 -425.445 -2428.571 534.887 5417.144 
-1.000 0.650 -426.350 -2531.428 536.722 5405.715 
-1.000 0.650 -427.208 -2600.000 538.533 5405.715 
-1.000 0.650 -428.018 -2600.000 540.320 5405.715 
-1.000 0.650 -428.757 -2651.428 542.131 5394.287 
-1.000 0.650 -429.472 -2657.143 543.918 5394.286 
-1.000 0.650 -430.091 -2657.143 545.729 5394.286 
-1.000 0.650 -430.687 -2600.000 547.540 5394.287 
-1.000 0.650 -431.211 -2468.572 549.351 5400.000 
-1.000 0.650 -431.712 -2468.572 551.186 5400.000 
-1.000 0.650 -432.236 -2297.144 553.021 5417.143 
-1.000 0.650 -432.855 -2297.144 554.855 5417.143 
-1.000 0.650 -433.523 -2120.000 556.714 5428.573 
-1.000 0.650 -434.190 -2011.429 558.573 5457.144 
-1.000 0.650 -434.881 -2011.429 560.407 5457.144 
-1.000 0.650 -435.596 -1942.857 562.266 5468.573 
-1.000 0.650 -436.310 -1902.858 564.125 5485.716 
-1.000 0.650 -437.049 -1902.858 565.935 5485.716 
-1.000 0.650 -437.764 -1897.144 567.770 5497.143 
-1.000 0.650 -438.503 -1931.429 569.605 5514.286 
-1.000 0.650 -439.217 -1931.429 571.440 5514.286 
-1.000 0.650 -439.932 -1994.286 573.251 5520.000 
-1.000 0.650 -440.623 -2068.572 575.062 5508.570 
-1.000 0.650 -441.291 -2068.572 576.873 5508.570 
-1.000 0.650 -441.958 -2102.857 578.707 5502.856 
-1.000 0.650 -442.601 -2102.857 580.566 5502.856 
-1.000 0.650 -443.268 -2102.857 582.377 5485.712 
-1.000 0.650 -443.912 -2085.715 584.212 5485.712 
-1.000 0.650 -444.579 -2085.715 586.070 5485.712 
-1.000 0.447 -445.246 -2062.857 587.905 5485.714 
-1.000 0.000 -445.937 -2051.429 589.740 5491.428 
-1.000 -0.307 -446.604 -2028.571 591.575 5485.714 
-1.000 -0.307 -447.319 -2028.571 593.409 5485.714 
-1.000 -0.650 -448.105 -2040.000 595.244 5485.713 
-1.000 -0.650 -448.939 -2040.000 597.055 5485.713 
-1.000 -0.650 -449.821 -2091.428 598.794 5485.713 
-1.000 -0.650 -450.798 -2091.428 600.534 5485.713 
-1.000 -0.650 -451.799 -2194.286 602.226 5451.428 
-1.000 -0.650 -452.871 -2331.429 603.870 5394.284 
-1.000 -0.650 -453.991 -2331.429 605.443 5394.284 
-1.000 -0.650 -455.111 -2502.857 606.968 5308.570 
-1.000 -0.650 -456.255 -2674.285 608.421 5177.142 
-1.000 -0.650 -457.446 -2674.285 609.779 5177.142 
-1.000 -0.650 -458.733 -2868.571 611.114 5000.000 
-1.000 -0.650 -460.067 -3102.857 612.376 4805.714 
-1.000 -0.650 -461.473 -3102.857 613.639 4805.714 
-1.000 -0.650 -462.974 -3354.286 614.831 4588.572 
-1.000 -0.650 -464.499 -3611.429 615.951 4342.857 
-1.000 -0.650 -466.072 -3611.429 617.023 4342.857 
-1.000 -0.650 -467.716 -3851.429 618.000 4085.715 
-1.000 -0.650 -469.384 -3851.429 618.905 4085.715 
-1.000 -0.650 -471.123 -4091.429 619.763 3805.714 
-1.000 -0.650 -472.934 -4331.429 620.573 3520.000 
-1.000 -0.650 -474.745 -4331.429 621.312 3520.000 
-1.000 -0.650 -476.604 -4600.001 622.027 3245.714 
-1.000 -0.650 -478.462 -4840.001 622.694 2988.571 
-1.000 -0.650 -480.321 -4840.001 623.266 2988.571 
-1.000 -0.650 -482.180 -5051.430 623.766 2714.286 
-1.000 -0.650 -484.062 -5222.858 624.267 2434.286 
-1.000 -0.650 -485.944 -5222.858 624.767 2434.286 
-1.000 -0.650 -487.803 -5354.286 625.268 2194.286 
-1.000 -0.312 -489.638 -5354.286 625.839 2194.286 
-1.000 0.000 -491.496 -5451.430 626.435 2000.000 
-1.000 0.000 -493.331 -5520.000 627.102 1880.000 
-1.000 0.000 -495.190 -5520.000 627.817 1880.000 
-1.000 0.000 -497.025 -5554.287 628.580 1834.287 
-1.000 0.000 -498.859 -5560.000 629.414 1845.715 
-1.000 0.000 -500.694 -5560.000 630.248 1845.715 
-1.000 0.000 -502.505 -5554.286 631.105 1897.143 
-1.000 0.000 -504.340 -5537.143 631.987 2011.429 
-1.000 0.000 -506.151 -5537.143 632.916 2011.429 
-1.000 -0.067 -507.962 -5514.286 633.941 2171.429 
-1.000 -0.307 -509.749 -5485.715 635.013 2377.143 
-1.000 -0.578 -511.536 -5485.715 636.157 2605.714 
-1.000 -0.650 -513.323 -5462.856 637.348 2605.714 
-1.000 -0.650 -515.110 -5462.856 638.587 2605.714 
-1.000 -0.650 -516.921 -5445.714 639.826 2840.000 
-1.000 -0.650 -518.708 -5428.571 641.066 3034.286 
-1.000 -0.650 -520.519 -5411.428 642.281 3194.286 
-1.000 -0.650 -522.354 -5411.428 643.448 3194.286 
-1.000 -0.650 -524.165 -5411.429 644.592 3320.000 
-1.000 -0.650 -526.023 -5411.429 645.688 3400.000 
-1.000 -0.650 -527.858 -5422.856 646.737 3400.000 
-1.000 -0.650 -529.717 -5434.286 647.690 3428.572 
-1.000 -0.650 -531.599 -5434.286 648.619 3428.572 
-1.000 -0.297 -535.388 -5468.571 650.287 3371.429 
-1.000 0.000 -535.388 -5468.571 650.287 3371.429 
-1.000 0.000 -537.318 -5508.571 651.121 3257.143 
-1.000 0.000 -539.224 -5548.572 651.979 3102.857 
-1.000 0.000 -541.107 -5588.571 652.908 2982.857 
-1.000 0.000 -542.989 -5588.571 653.885 2897.143 
-1.000 0.000 -544.871 -5617.143 654.886 2897.143 
-1.000 0.000 -546.754 -5634.286 656.935 2840.000 
-1.000 0.000 -548.636 -5634.286 656.935 2840.000 
-1.000 0.000 -550.519 -5651.430 659.199 2828.572 
-1.000 0.000 -554.236 -5657.143 660.438 2891.429 
-1.000 0.000 -554.236 -5657.143 660.438 2891.429 
-1.000 0.000 -556.118 -5651.428 661.725 3022.858 
-1.000 0.000 -557.977 -5651.428 663.035 3022.858 
-1.000 0.000 -559.812 -5634.287 664.346 3205.715 
-1.000 0.000 -561.646 -5634.287 665.656 3205.715 
-1.000 0.000 -563.481 -5611.429 667.014 3388.572 
-1.000 0.000 -565.292 -5577.143 668.444 3560.001 
-1.000 0.000 -567.103 -5577.143 669.921 3560.001 
-1.000 0.000 -568.890 -5554.285 671.423 3737.143 
-1.000 0.000 -570.701 -5525.715 673.019 3942.857 
-1.000 0.000 -572.488 -5525.715 674.687 3942.857 
-1.000 0.000 -574.275 -5491.429 676.355 4160.000 
-1.000 0.000 -576.086 -5462.858 678.047 4348.572 
-1.000 0.000 -577.897 -5462.858 679.786 4348.572 
-1.000 0.000 -579.708 -5440.001 681.526 4531.429 
-1.000 0.000 -581.543 -5440.001 683.289 4531.429 
-1.000 0.000 -583.354 -5428.572 685.100 4691.429 
-1.000 0.000 -585.189 -5422.857 686.887 4874.286 
-1.000 0.025 -587.047 -5422.857 688.722 4874.286 
-1.000 0.279 -588.882 -5434.287 690.580 5045.715 
-1.000 0.472 -590.741 -5451.430 692.415 5188.572 
-1.000 0.614 -592.623 -5451.430 694.274 5188.572 
-1.000 0.625 -594.434 -5474.286 696.156 5297.144 
-1.000 0.599 -596.245 -5480.000 698.015 5382.858 
-1.000 0.411 -597.984 -5480.000 699.873 5382.858 
-1.000 0.000 -599.700 -5462.857 701.756 5457.144 
-1.000 0.000 -601.344 -5411.428 703.614 5502.859 
-1.000 0.000 -602.917 -5411.428 705.521 5502.859 
-1.000 0.000 -604.513 -5325.714 707.403 5554.286 
-1.000 0.000 -606.157 -5325.714 709.285 5554.286 
-1.000 0.000 -607.849 -5251.428 711.168 5588.573 
-1.000 0.000 -609.612 -5199.999 713.074 5605.716 
-1.000 0.000 -611.423 -5199.999 714.980 5605.716 
-1.000 0.000 -613.306 -5177.144 716.863 5628.572 
-1.000 0.000 -615.212 -5188.571 718.793 5651.431 
-1.000 0.000 -617.142 -5188.571 720.699 5651.431 
-1.000 0.000 -619.048 -5234.286 722.605 5668.573 
-1.000 0.000 -620.955 -5297.143 724.535 5680.001 
-1.000 0.000 -622.861 -5297.143 726.418 5680.001 
-1.000 0.000 -624.767 -5382.857 728.324 5697.145 
-1.000 0.000 -626.697 -5508.571 732.082 5697.144 
-1.000 0.000 -628.603 -5605.715 732.082 5691.430 
-1.000 0.000 -630.462 -5605.715 733.937 5691.430 
-1.000 0.000 -632.344 -5605.715 735.816 5691.430 
-1.000 0.000 -634.203 -5662.857 737.648 5685.715 
-1.000 0.000 -636.062 -5685.714 739.526 5668.571 
-1.000 0.000 -637.896 -5685.714 741.382 5651.428 
-1.000 0.000 -639.755 -5674.285 743.237 5651.428 
-1.000 0.000 -641.637 -5645.714 745.140 5634.285 
-1.000 0.000 -643.520 -5645.714 747.042 5634.285 
-1.000 0.000 -645.402 -5640.000 748.898 5634.286 
-1.000 -0.292 -647.285 -5628.571 750.753 5617.143 
-1.000 -0.558 -649.167 -5628.571 752.656 5617.143 
-1.000 -0.650 -651.050 -5611.429 754.511 5611.429 
-1.000 -0.650 -652.956 -5611.429 756.366 5611.429 
-1.000 -0.650 -654.862 -5617.143 758.174 5605.715 
-1.000 -0.650 -656.768 -5634.285 759.910 5582.858 
-1.000 -0.650 -658.675 -5634.285 761.646 5582.858 
-1.000 -0.650 -660.605 -5651.429 763.287 5531.429 
-1.000 -0.650 -662.535 -5674.286 764.881 5445.716 
-1.000 -0.650 -664.465 -5674.286 766.427 5325.716 
-1.000 -0.650 -666.371 -5697.144 767.925 5325.716 
-1.000 -0.650 -668.301 -5708.572 769.376 5160.000 
-1.000 -0.650 -670.231 -5708.572 770.827 5160.000 
-1.000 -0.650 -672.161 -5731.429 772.230 5005.714 
-1.000 -0.650 -674.091 -5748.571 774.847 4817.143 
-1.000 -0.650 -676.021 -5748.571 774.847 4817.143 
-1.000 -0.650 -677.951 -5760.000 776.036 4588.571 
-1.000 -0.650 -679.858 -5760.000 777.201 4588.571 
-1.000 -0.650 -681.764 -5765.715 778.296 4354.285 
-1.000 -0.650 -683.694 -5771.429 779.318 4108.571 
-1.000 -0.650 -685.624 -5771.429 780.246 4108.571 
-1.000 -0.650 -687.554 -5771.429 781.126 3851.428 
-1.000 -0.650 -689.460 -5765.714 781.935 3588.570 
-1.000 -0.650 -691.343 -5765.714 782.648 3588.570 
-1.000 -0.650 -693.249 -5760.000 783.290 3308.571 
-1.000 -0.650 -695.132 -5737.144 783.861 2988.571 
-1.000 -0.650 -697.014 -5737.144 784.384 2662.857 
-1.000 -0.650 -698.873 -5725.714 784.813 2662.857 
-1.000 -0.650 -700.755 -5725.714 785.265 2662.857 
-1.000 -0.650 -702.614 -5697.143 785.740 2360.000 
-1.000 -0.650 -704.448 -5674.287 786.263 2102.857 
-1.000 -0.650 -706.331 -5674.287 786.811 2102.857 
-1.000 -0.650 -708.189 -5651.430 787.405 1908.571 
-1.000 -0.650 -710.048 -5628.572 788.047 1782.857 
-1.000 -0.650 -711.883 -5628.572 788.761 1782.857 
-1.000 -0.650 -713.718 -5599.999 789.498 1725.714 
-1.000 -0.650 -715.528 -5577.142 790.259 1742.857 
-1.000 -0.650 -717.363 -5577.142 790.973 1742.857 
-1.000 -0.650 -719.174 -5554.285 791.639 1788.571 
-1.000 -0.650 -720.985 -5554.285 792.305 1788.571 
-1.000 -0.031 -722.796 -5525.714 792.995 1845.714 
-1.000 0.000 -724.631 -5508.571 793.684 1937.143 
-1.000 0.650 -726.466 -5508.571 794.374 1937.143 
-1.000 0.650 -728.276 -5497.143 795.111 2017.142 
-1.000 0.650 -730.108 -5485.713 795.872 2091.428 
-1.000 0.650 -731.915 -5485.713 796.705 2091.428 
-1.000 0.650 -733.675 -5468.570 797.585 2171.429 
-1.000 0.650 -735.412 -5439.999 798.536 2251.429 
-1.000 0.650 -737.100 -5439.999 799.535 2251.429 
-1.000 0.650 -738.718 -5377.142 800.582 2337.143 
-1.000 0.650 -740.288 -5291.428 801.700 2480.000 
-1.000 0.650 -741.786 -5291.428 802.865 2480.000 
-1.000 0.650 -743.213 -5177.142 804.102 2680.000 
-1.000 0.650 -744.593 -5177.142 805.386 2680.000 
-1.000 0.650 -745.901 -5017.142 806.695 2891.429 
-1.000 0.650 -747.161 -4811.428 808.050 3125.715 
-1.000 0.650 -748.351 -4811.428 809.477 3125.715 
-1.000 0.650 -749.492 -4582.857 810.976 3382.858 
-1.000 0.650 -750.586 -4320.000 812.522 3640.001 
-1.000 0.650 -751.657 -4320.000 814.139 3640.001 
-1.000 0.650 -752.656 -4068.570 815.828 3908.572 
-1.000 0.650 -753.583 -3800.000 817.588 4177.144 
-1.000 0.650 -754.463 -3800.000 819.324 4177.144 
-1.000 0.650 -755.272 -3531.428 821.132 4434.286 
-1.000 0.650 -756.033 -3531.428 822.963 4434.286 
-1.000 0.650 -756.723 -3257.143 824.771 4662.857 
-1.000 0.650 -757.341 -2988.571 826.579 4880.000 
-1.000 0.650 -757.865 -2988.571 828.434 4880.000 
-1.000 0.650 -758.364 -2720.000 830.265 5068.572 
-1.000 0.650 -758.840 -2445.714 832.097 5222.857 
-1.000 0.650 -759.339 -2445.714 833.928 5222.857 
-1.000 0.650 -759.862 -2211.428 835.759 5342.857 
-1.000 0.650 -760.433 -2011.429 837.615 5422.858 
-1.000 0.650 -761.075 -2011.429 839.470 5422.858 
-1.000 0.650 -761.741 -1885.714 841.278 5474.286 
-1.000 0.650 -762.431 -1817.143 843.085 5491.430 
-1.000 0.650 -763.169 -1817.143 844.917 5491.430 
-1.000 0.650 -763.906 -1805.714 846.724 5497.144 
-1.000 0.650 -764.643 -1805.714 848.532 5497.144 
-1.000 0.650 -765.380 -1828.571 850.340 5491.430 
-1.000 0.650 -766.094 -1891.428 852.123 5480.000 
-1.000 0.650 -766.784 -1891.428 853.931 5480.000 
-1.000 0.498 -767.450 -1971.428 855.715 5462.858 
-1.000 0.000 -768.092 -2028.571 857.499 5445.715 
-1.000 0.000 -768.734 -2028.571 859.283 5445.715 
-1.000 0.000 -769.424 -2068.571 861.114 5422.857 
-1.000 0.000 -770.185 -2108.571 862.922 5417.143 
-1.000 0.000 -770.994 -2108.571 864.753 5417.143 
-1.000 0.000 -771.826 -2154.285 866.561 5417.142 
-1.000 0.000 -772.730 -2154.285 868.368 5417.142 
-1.000 0.000 -773.705 -2205.714 870.200 5417.142 
-1.000 0.000 -774.728 -2297.143 872.055 5428.572 
-1.000 0.000 -775.774 -2297.143 873.863 5428.572 
-1.000 0.030 -776.892 -2417.143 875.670 5440.000 
-1.000 0.030 -778.058 -2577.143 877.454 5440.000 
-1.000 0.239 -779.271 -2577.143 879.262 5440.000 
-1.000 0.650 -780.579 -2794.286 881.069 5445.715 
-1.000 0.650 -781.887 -3040.000 882.853 5451.430 
-1.000 0.650 -783.267 -3040.000 884.637 5434.287 
-1.000 0.650 -784.670 -3280.000 886.445 5434.287 
-1.000 0.650 -786.049 -3497.143 888.276 5428.573 
-1.000 0.650 -787.405 -3497.143 890.084 5428.573 
-1.000 0.650 -788.737 -3674.286 891.891 5434.288 
-1.000 0.650 -789.998 -3674.286 893.723 5434.288 
-1.000 0.650 -791.187 -3788.571 895.554 5422.859 
-1.000 0.650 -792.352 -3845.714 897.409 5428.572 
-1.000 0.650 -793.446 -3845.714 899.265 5428.572 
-1.000 0.650 -794.469 -3834.286 901.096 5451.430 
-1.000 0.650 -795.444 -3754.286 902.975 5474.286 
-1.000 0.650 -796.348 -3754.286 904.854 5474.286 
-1.000 0.650 -797.252 -3611.429 906.733 5508.571 
-1.000 0.650 -798.132 -3428.572 908.636 5542.857 
-1.000 0.650 -798.941 -3428.572 910.515 5542.857 
-1.000 0.538 -799.702 -3217.144 912.394 5571.429 
-1.000 0.000 -800.415 -3217.144 914.273 5571.429 
-1.000 0.000 -801.081 -2748.572 916.176 5628.571 
-1.000 0.000 -801.771 -2748.572 918.102 5628.571 
-1.000 0.000 -802.485 -2748.572 920.005 5628.571 
-1.000 0.000 -803.198 -2560.000 921.908 5651.428 
-1.000 0.117 -803.959 -2428.572 923.787 5668.571 
-1.000 0.421 -804.744 -2428.572 925.666 5668.571 
-1.000 0.650 -805.600 -2348.572 927.545 5680.000 
-1.000 0.650 -806.504 -2325.714 929.352 5662.857 
-1.000 0.650 -807.456 -2325.714 931.184 5662.857 
-1.000 0.650 -808.359 -2348.572 933.015 5645.714 
-1.000 0.650 -809.216 -2371.429 934.823 5617.143 
-1.000 0.650 -810.001 -2371.429 936.630 5617.143 
-1.000 0.650 -811.428 -2394.286 940.222 5582.857 
-1.000 0.650 -811.428 -2394.286 940.222 5582.857 
-1.000 0.650 -812.046 -2405.715 942.030 5542.857 
-1.000 0.650 -812.617 -2371.429 943.861 5508.571 
-1.000 0.650 -813.164 -2371.429 945.669 5508.571 
-1.000 0.650 -813.711 -2297.144 947.500 5485.714 
-1.000 0.650 -814.877 -2211.429 951.139 5457.143 
-1.000 0.650 -814.877 -2211.429 951.139 5457.143 
-1.000 0.650 -815.495 -2102.857 952.994 5451.428 
-1.000 0.650 -816.113 -1982.857 954.850 5457.143 
-1.000 0.650 -816.779 -1982.857 956.633 5457.143 
-1.000 0.650 -817.493 -1902.857 958.465 5457.143 
-1.000 0.650 -818.230 -1902.857 960.320 5457.143 
-1.000 0.650 -818.991 -1885.714 962.151 5474.286 
-1.000 0.650 -819.752 -1908.571 963.983 5491.429 
-1.000 0.650 -820.513 -1908.571 965.814 5491.429 
-1.000 0.650 -821.227 -1965.714 967.646 5502.857 
-1.000 0.650 -821.941 -2028.571 969.477 5497.143 
-1.000 0.650 -822.654 -2028.571 971.332 5497.143 
-1.000 0.650 -823.320 -2080.000 973.140 5502.856 
-1.000 0.650 -823.986 -2114.286 974.948 5502.856 
-1.000 0.650 -824.652 -2114.286 976.803 5502.856 
-1.000 0.650 -825.318 -2125.714 978.634 5497.142 
-1.000 0.650 -825.960 -2125.714 980.466 5508.570 
-0.250 0.650 -826.626 -2125.714 982.321 5508.570 
0.000 0.650 -827.268 -2097.143 984.152 5508.570 
0.000 0.335 -827.934 -2097.143 985.984 5508.570 
0.000 0.000 -828.576 -2057.143 987.839 5508.570 
0.000 0.000 -829.171 -2011.428 989.623 5502.855 
0.000 0.000 -829.718 -2011.428 991.359 5502.855 
0.150 0.000 -830.194 -1948.572 993.048 5474.284 
0.819 0.000 -830.598 -1851.428 994.737 5422.856 
1.000 0.000 -830.955 -1851.428 996.354 5422.856 
1.000 0.000 -831.264 -1731.429 997.900 5342.856 
1.000 0.000 -831.502 -1594.286 999.398 5228.571 
1.000 0.000 -831.692 -1411.429 1000.849 5074.285 
1.000 0.000 -831.835 -1411.429 1002.205 5074.285 
1.000 0.000 -831.883 -1411.429 1003.489 5074.285 
1.000 0.000 -831.859 -1194.286 1004.726 4880.000 
1.000 0.000 -831.787 -937.143 1005.892 4645.715 
1.000 0.000 -831.669 -937.143 1006.986 4645.715 
1.000 0.000 -831.478 -657.143 1008.032 4371.429 
1.000 0.000 -831.193 -365.714 1009.031 4102.858 
0.780 0.000 -830.860 -365.714 1009.959 4102.858 
0.000 0.000 -830.456 -74.286 1010.863 3822.857 
0.000 0.000 -830.004 217.143 1011.671 3542.857 
0.000 0.000 -829.504 217.143 1012.409 3542.857 
0.000 0.000 -829.052 508.571 1013.051 3245.715 
0.000 0.000 -828.624 737.143 1013.669 2937.143 
0.000 0.000 -828.267 737.143 1014.169 2937.143 
0.000 0.000 -827.934 908.571 1014.621 2634.286 
0.000 0.000 -827.649 908.571 1015.025 2634.286 
0.000 0.000 -827.411 1005.714 1015.382 2331.428 
0.000 0.000 -827.221 1051.428 1015.643 2040.000 
0.000 0.000 -827.078 1051.428 1015.834 2040.000 
0.000 0.000 -827.007 1017.143 1015.929 1725.714 
0.000 0.000 -826.983 914.286 1015.976 1400.000 
0.000 0.000 -827.031 914.286 1015.929 1400.000 
0.000 0.000 -827.149 737.143 1015.857 1068.572 
0.000 0.000 -827.316 497.143 1015.691 748.571 
0.000 0.000 -827.459 497.143 1015.501 748.571 
0.000 0.000 -827.554 285.714 1015.287 445.714 
0.000 0.000 -827.625 285.714 1015.096 445.714 
0.000 0.000 -827.696 114.286 1014.930 171.428 
0.000 0.000 -827.744 -17.143 1014.835 -34.286 
0.000 0.000 -827.744 -17.143 1014.763 -34.286 
0.000 0.000 -827.744 -108.571 1014.787 -182.857 
0.000 0.000 -827.696 -154.286 1014.811 -245.714 
0.000 0.000 -827.649 -154.286 1014.858 -245.714 
0.000 0.000 -827.601 -160.000 1014.906 -257.143 
0.000 0.000 -827.554 -120.000 1014.977 -228.572 
0.000 0.000 -827.506 -120.000 1015.049 -228.572 
0.000 0.000 -827.482 -51.429 1015.096 -160.000 
0.000 0.000 -827.459 11.429 1015.120 -74.286 
0.000 0.000 -827.435 11.429 1015.168 -74.286 
0.000 0.000 -827.435 45.714 1015.168 17.143 
0.000 0.000 -827.435 45.714 1015.168 17.143 
0.000 0.000 -827.459 68.571 1015.168 68.571 
0.000 0.000 -827.459 68.571 1015.144 97.143 
0.000 0.000 -827.482 57.143 1015.120 74.286 
0.000 0.000 -827.506 57.143 1015.096 74.286 
0.000 0.000 -827.506 34.286 1015.073 45.714 
0.000 0.000 -827.506 34.286 1015.073 45.714 
0.000 0.000 -827.506 11.429 1015.073 22.857 
0.000 0.000 -827.506 0.000 1015.073 0.000 
0.000 0.000 -827.506 0.000 1015.073 0.000 
0.000 0.000 -827.506 -11.429 1015.073 -11.429 
0.000 0.000 -827.506 -11.429 1015.073 -11.429 
0.000 0.000 -827.506 -17.143 1015.073 -22.857 
0.000 0.000 -827.506 -17.143 1015.073 -22.857 
0.000 0.000 -827.506 -17.143 1015.073 -22.857 
0.000 0.000 -827.506 -11.429 1015.073 -22.857 
0.000 0.000 -827.506 -5.714 1015.073 -11.429 
0.000 0.000 -827.506 -5.714 1015.073 -11.429 
0.000 0.000 -827.506 0.000 1015.073 0.000 
0.000 0.000 -827.506 0.000 1015.073 0.000 
0.000 0.000 -827.506 0.000 1015.073 0.000 
0.000 0.000 -827.506 0.000 1015.073 0.000 
0.000 0.000 -827.506 0.000 1015.073 0.000 
0.000 0.000 -827.506 0.000 1015.073 0.000 
0.000 0.000 -827.506 0.000 1015.073 0.000 
0.000 0.000 -827.506 0.000 1015.073 0.000 
0.000 0.000 -827.506 0.000 1015.073 0.000 
0.000 0.000 -827.506 0.000 1015.073 0.000 
0.000 0.000 -827.506 0.000 1015.073 0.000 
0.000 0.000 -827.506 0.000 1015.073 0.000 
0.000 0.000 -827.506 0.000 1015.073 0.000 
0.000 0.000 -827.506 0.000 1015.073 0.000 
0.000 0.000 -827.506 0.000 1015.073 0.000 
0.000 0.000 -827.506 0.000 1015.073 0.000 
0.000 0.000 -827.506 0.000 1015.073 0.000 
0.000 0.000 -827.506 0.000 1015.073 0.000 
0.000 0.000 -827.506 0.000 1015.073 0.000 
0.000 0.000 -827.506 0.000 1015.073 0.000 
0.000 0.000 -827.506 0.000 1015.073 0.000 
0.000 0.000 -827.506 0.000 1015.073 0.000 
0.000 0.000 -827.506 0.000 1015.073 0.000 
0.000 0.000 -827.506 0.000 1015.073 0.000 
0.000 0.000 -827.506 0.000 1015.073 0.000 
0.000 0.000 -827.506 0.000 1015.073 0.000 
0.000 0.000 -827.506 0.000 1015.073 0.000 
0.000 0.000 -827.506 0.000 1015.073 0.000 
0.000 0.000 -827.506 0.000 1015.073 0.000 
0.000 0.000 -827.506 0.000 1015.073 0.000 
0.000 0.000 -827.506 0.000 1015.073 0.000 
0.000 0.000 -827.506 0.000 1015.073 0.000 
0.000 0.000 -827.506 0.000 1015.073 0.000 
0.000 0.000 -827.506 0.000 1015.073 0.000 
0.000 0.000 -827.506 0.000 1015.073 0.000 
0.000 0.000 -827.506 0.000 1015.073 0.000 
0.000 0.000 -827.506 0.000 1015.073 0.000 
0.000 0.000 -827.506 0.000 1015.073 0.000 
0.000 0.000 -827.506 0.000 1015.073 0.000 
0.000 0.000 -827.506 0.000 1015.073 0.000 
0.000 0.000 -827.506 0.000 1015.073 0.000 
0.000 0.000 -827.506 0.000 1015.073 0.000 
0.000 0.000 -827.506 0.000 1015.073 0.000 
0.000 0.000 -827.506 0.000 1015.073 0.000 
0.000 0.000 -827.506 0.000 1015.073 0.000 
0.000 0.000 -827.506 0.000 1015.073 0.000 
0.000 0.000 -827.506 0.000 1015.073 0.000 
0.000 0.000 -827.506 0.000 1015.073 0.000 
0.000 0.000 -827.506 0.000 1015.073 0.000 
0.000 0.000 -827.506 0.000 1015.073 0.000 
0.000 0.000 -827.506 0.000 1015.073 0.000 
0.000 0.000 -827.506 0.000 1015.073 0.000 
0.000 0.000 -827.506 0.000 1015.073 0.000 
0.000 0.000 -827.506 0.000 1015.073 0.000 
0.000 0.000 -827.506 0.000 1015.073 0.000 
0.000 0.000 -827.506 0.000 1015.073 0.000 
0.000 0.000 -827.506 0.000 1015.073 0.000 
0.000 0.000 -827.506 0.000 1015.073 0.000 
0.000 0.000 -827.506 0.000 1015.073 0.000 
0.000 0.000 -827.506 0.000 1015.073 0.000 
0.000 0.000 -827.506 0.000 1015.073 0.000 
0.000 0.000 -827.506 0.000 1015.073 0.000 
0.000 0.000 -827.506 0.000 1015.073 0.000 
0.000 0.000 -827.506 0.000 1015.073 0.000 
0.000 0.000 -827.506 0.000 1015.073 0.000 
0.000 0.000 -827.506 0.000 1015.073 0.000 
0.000 0.000 -827.506 0.000 1015.073 0.000 
0.000 0.000 -827.506 0.000 1015.073 0.000 
0.000 0.000 -827.506 0.000 1015.073 0.000 
0.000 0.000 -827.506 0.000 1015.073 0.000 
0.000 0.000 -827.506 0.000 1015.073 0.000 
0.000 0.000 -827.506 0.000 1015.073 0.000 
0.000 0.000 -827.506 0.000 1015.073 0.000 
0.000 0.000 -827.506 0.000 1015.073 0.000 
0.000 0.000 -827.506 0.000 1015.073 0.000 
0.000 0.000 -827.506 0.000 1015.073 0.000 
0.000 0.000 -827.506 0.000 1015.073 0.000 
0.000 0.000 -827.506 0.000 1015.073 0.000 
0.000 0.000 -827.506 0.000 1015.073 0.000 
0.000 0.000 -827.506 0.000 1015.073 0.000 
0.000 0.000 -827.506 0.000 1015.073 0.000 
0.000 0.000 -827.506 0.000 1015.073 0.000 
0.000 0.000 -827.506 0.000 1015.073 0.000 
0.000 0.000 -827.506 0.000 1015.073 0.000 
0.000 0.000 -827.506 0.000 1015.073 0.000 
0.000 0.000 -827.506 0.000 1015.073 0.000 
0.000 0.000 -827.506 0.000 1015.073 0.000 
0.000 0.000 -827.506 0.000 1015.073 0.000 
0.000 0.000 -827.506 0.000 1015.073 0.000 
0.000 0.000 -827.506 0.000 1015.073 0.000 
0.000 0.000 -827.506 0.000 1015.073 0.000 
0.000 0.000 -827.506 0.000 1015.073 0.000 
0.000 0.000 -827.506 0.000 1015.073 0.000 
0.000 0.000 -827.506 0.000 1015.073 0.000 
0.000 0.000 -827.506 0.000 1015.073 0.000 
0.000 0.000 -827.506 0.000 1015.073 0.000 
0.000 0.000 -827.506 0.000 1015.073 0.000 
0.000 0.000 -827.506 0.000 1015.073 0.000 
0.000 0.000 -827.506 0.000 1015.073 0.000 
0.000 0.000 -827.506 0.000 1015.073 0.000 
0.000 0.000 -827.506 0.000 1015.073 0.000 
0.000 0.000 -827.506 0.000 1015.073 0.000 
0.000 0.000 -827.506 0.000 1015.073 0.000 
0.000 0.000 -827.506 0.000 1015.073 0.000 
0.000 0.000 -827.506 0.000 1015.073 0.000 
0.000 0.000 -827.506 0.000 1015.073 0.000 
0.000 0.000 -827.506 0.000 1015.073 0.000 
0.000 0.000 -827.506 0.000 1015.073 0.000 
0.000 0.000 -827.506 0.000 1015.073 0.000 
0.000 0.000 -827.506 0.000 1015.073 0.000 
0.000 0.000 -827.506 0.000 1015.073 0.000 
0.000 0.000 -827.506 0.000 1015.073 0.000 
0.000 0.000 -827.506 0.000 1015.073 0.000 
0.000 0.000 -827.506 0.000 1015.073 0.000 
0.000 0.000 -827.506 0.000 1015.073 0.000 
0.000 0.000 -827.506 0.000 1015.073 0.000 
0.000 0.000 -827.506 0.000 1015.073 0.000 
0.000 0.000 -827.506 0.000 1015.073 0.000 
0.000 0.000 -827.506 0.000 1015.073 0.000 
0.000 0.000 -827.506 0.000 1015.073 0.000 
0.000 0.000 -827.506 0.000 1015.073 0.000 
0.000 0.000 -827.506 0.000 1015.073 0.000 
0.000 0.000 -827.506 0.000 1015.073 0.000 
0.000 0.000 -827.506 0.000 1015.073 0.000 
0.000 0.000 -827.506 0.000 1015.073 0.000 
0.000 0.000 -827.506 0.000 1015.073 0.000 
0.000 0.000 -827.506 0.000 1015.073 0.000 
0.000 0.000 -827.506 0.000 1015.073 0.000 
0.000 0.000 -827.506 0.000 1015.073 0.000 
0.000 0.000 -827.506 0.000 1015.073 0.000 
0.000 0.000 -827.506 0.000 1015.073 0.000 
0.000 0.000 -827.506 0.000 1015.073 0.000 
0.000 0.000 -827.506 0.000 1015.073 0.000 
0.000 0.000 -827.506 0.000 1015.073 0.000 
0.000 0.000 -827.506 0.000 1015.073 0.000 
0.000 0.000 -827.506 0.000 1015.073 0.000 
0.000 0.000 -827.506 0.000 1015.073 0.000 
0.000 0.000 -827.506 0.000 1015.073 0.000 
0.000 0.000 -827.506 0.000 1015.073 0.000 
0.000 0.000 -827.506 0.000 1015.073 0.000 
0.000 0.000 -827.506 0.000 1015.073 0.000 
0.000 0.000 -827.506 0.000 1015.073 0.000 
0.000 0.000 -827.506 0.000 1015.073 0.000 
0.000 0.000 -827.506 0.000 1015.073 0.000 
0.000 0.000 -827.506 0.000 1015.073 0.000 
0.000 0.000 -827.506 0.000 1015.073 0.000 
0.000 0.000 -827.506 0.000 1015.073 0.000 
0.000 0.000 -827.506 0.000 1015.073 0.000 
0.000 0.000 -827.506 0.000 1015.073 0.000 
0.000 0.000 -827.506 0.000 1015.073 0.000 
0.000 0.000 -827.506 0.000 1015.073 0.000 
0.000 0.000 -827.506 0.000 1015.073 0.000 
0.000 0.000 -827.506 0.000 1015.073 0.000 
0.000 0.000 -827.506 0.000 1015.073 0.000 
0.000 0.000 -827.506 0.000 1015.073 0.000 
0.000 0.000 -827.506 0.000 1015.073 0.000 
0.000 0.000 -827.506 0.000 1015.073 0.000 
0.000 0.000 -827.506 0.000 1015.073 0.000 
0.000 0.000 -827.506 0.000 1015.073 0.000 
0.000 0.000 -827.506 0.000 1015.073 0.000 
0.000 0.000 -827.506 0.000 1015.073 0.000 
0.000 0.000 -827.506 0.000 1015.073 0.000 
0.000 0.000 -827.506 0.000 1015.073 0.000 
0.000 0.000 -827.506 0.000 1015.073 0.000 
0.000 0.000 -827.506 0.000 1015.073 0.000 
0.000 0.000 -827.506 0.000 1015.073 0.000 
0.000 0.000 -827.506 0.000 1015.073 0.000 
0.000 0.000 -827.506 0.000 1015.073 0.000 
0.000 0.000 -827.506 0.000 1015.073 0.000 
0.000 0.000 -827.506 0.000 1015.073 0.000 
0.000 0.000 -827.506 0.000 1015.073 0.000 
0.000 0.000 -827.506 0.000 1015.073 0.000 
0.000 0.000 -827.506 0.000 1015.073 0.000 
0.000 0.000 -827.506 0.000 1015.073 0.000 
0.000 0.000 -827.506 0.000 1015.073 0.000 
0.000 0.000 -827.506 0.000 1015.073 0.000 
0.000 0.000 -827.506 0.000 1015.073 0.000 
0.000 0.000 -827.506 0.000 1015.073 0.000 
0.000 0.000 -827.506 0.000 1015.073 0.000 
0.000 0.000 -827.506 0.000 1015.073 0.000 
0.000 0.000 -827.506 0.000 1015.073 0.000 
0.000 0.000 -827.506 0.000 1015.073 0.000 
0.000 0.000 -827.506 0.000 1015.073 0.000 
0.000 0.000 -827.506 0.000 1015.073 0.000 
0.000 0.000 -827.506 0.000 1015.073 0.000 
0.000 0.000 -827.506 0.000 1015.073 0.000 
0.000 0.000 -827.506 0.000 1015.073 0.000 
0.000 0.000 -827.506 0.000 1015.073 0.000 
0.000 0.000 -827.506 0.000 1015.073 0.000 
