-0.5234375 -0.18897637724876404 0.0 0.0 0.0 0.0 
0.0 0.0 0.0 0.0 0.0 0.0 
-0.3671875 0.10546875 0.0 0.0 0.0 0.0 
-0.375 0.052734375 0.0 0.0 0.0 0.0 
-0.375 0.052734375 0.0 0.0 0.0 0.0 
-0.390625 0.052734375 0.0 0.0 0.0 0.0 
-0.390625 0.052734375 0.0 0.0 0.0 0.0 
-0.390625 0.052734375 0.0714285671710968 0.0 -0.02380952425301075 0.0 
-0.453125 0.046875 0.1666666567325592 11.428571701049805 -0.095238097012043 0.0 
-0.453125 0.046875 0.3095237612724304 57.142860412597656 -0.2142856866121292 -62.85714340209961 
-0.4765625 0.046875 0.4761904180049896 57.142860412597656 -0.3571428060531616 -62.85714340209961 
-0.4765625 0.046875 0.642857015132904 114.28572082519531 -0.5238094329833984 -131.42857360839844 
-0.4765625 0.046875 0.857142984867096 188.57144165039062 -0.738095223903656 -211.42857360839844 
-0.4765625 0.046875 1.1428576707839966 188.57144165039062 -0.9761908054351807 -211.42857360839844 
-0.4765625 0.046875 1.5000008344650269 291.4285888671875 -1.261905550956726 -314.28570556640625 
-0.4765625 0.046875 1.8809524774551392 428.5714416503906 -1.5952388048171997 -457.1428527832031 
-0.4921875 0.046875 2.309523105621338 428.5714416503906 -1.9999998807907104 -457.1428527832031 
-0.4921875 0.046875 2.309523105621338 588.5714111328125 -2.428570508956909 -617.142822265625 
-0.4921875 0.046875 3.2857117652893066 771.4285888671875 -2.9285695552825928 -617.142822265625 
-0.4921875 0.046875 3.833329677581787 771.4285888671875 -3.452378034591675 -805.7142333984375 
-0.4921875 0.046875 4.4285664558410645 965.7142944335938 -4.023805618286133 -1000.0 
-0.5 0.046875 5.071422576904297 965.7142944335938 -4.642851829528809 -1000.0 
-0.5 0.046875 5.785708427429199 1160.0 -5.3095173835754395 -1205.7142333984375 
-0.5 0.046875 5.785708427429199 1365.7142333984375 -6.023806571960449 -1205.7142333984375 
-0.5 0.046875 7.2619171142578125 1365.7142333984375 -6.761910915374756 -1411.4285888671875 
-0.5 0.046875 8.095260620117188 1577.1429443359375 -7.571444511413574 -1411.4285888671875 
-0.5 0.046875 8.976223945617676 1794.2857666015625 -8.428597450256348 -1851.4287109375 
-0.5 0.046875 9.880996704101562 1794.2857666015625 -9.309560775756836 -1851.4287109375 
-0.5 0.046875 10.881009101867676 2000.0001220703125 -10.261953353881836 -1851.4287109375 
-0.5 0.046875 11.904815673828125 2217.14306640625 -11.214345932006836 -2262.857421875 
-0.5 0.046875 12.928607940673828 2217.14306640625 -12.19052505493164 -2262.857421875 
-0.5 0.046875 12.928607940673828 2217.14306640625 -13.142889976501465 -2262.857421875 
-0.5 0.046875 14.976194381713867 2422.857421875 -14.095255851745605 -2434.2861328125 
-0.5 0.046875 15.976177215576172 2594.2861328125 -15.023812294006348 -2434.2861328125 
-0.5 0.046875 16.928543090820312 2731.428955078125 -15.928559303283691 -2657.14306640625 
-0.5 0.046875 17.880908966064453 2731.428955078125 -16.809497833251953 -2657.14306640625 
-0.5 0.046875 18.785655975341797 2822.857421875 -17.6428165435791 -2702.857666015625 
-0.5 0.046875 18.785655975341797 2880.0 -18.49994659423828 -2702.857666015625 
-0.5 0.046875 20.571340560913086 2880.0 -19.309457778930664 -2720.00048828125 
-0.5 0.046875 21.428470611572266 2885.71435546875 -20.118967056274414 -2720.00048828125 
-0.5 0.046875 22.285598754882812 2868.57177734375 -20.952287673950195 -2697.14306640625 
-0.5 0.046875 23.142728805541992 2868.57177734375 -21.761798858642578 -2657.142578125 
-0.5 0.046875 24.023666381835938 2811.4287109375 -22.595117568969727 -2605.7138671875 
-0.5 0.046875 24.904603958129883 2754.285888671875 -23.428438186645508 -2559.99951171875 
-0.5 0.046875 25.809350967407227 2754.285888671875 -24.285566329956055 -2559.99951171875 
-0.5 0.046875 26.71409797668457 2714.2861328125 -25.1426944732666 -2537.142333984375 
-0.5 0.046875 27.618844985961914 2714.2861328125 -26.02363395690918 -2537.142333984375 
-0.5 0.046875 28.547401428222656 2680.000244140625 -26.904571533203125 -2531.42822265625 
-0.5 0.046875 29.4759578704834 2674.285888671875 -27.78550910949707 -2531.42822265625 
-0.5 0.046875 30.40451431274414 2674.285888671875 -28.666446685791016 -2537.142578125 
-0.5 0.046875 31.35688018798828 2680.0 -29.547386169433594 -2554.28564453125 
-0.5 0.046875 32.28543472290039 2702.85693359375 -30.40451431274414 -2577.14306640625 
-0.5 0.046875 32.28543472290039 2702.85693359375 -31.285451889038086 -2577.14306640625 
-0.5 0.046875 34.11874008178711 2725.7138671875 -32.16638946533203 -2577.14306640625 
-0.5 0.046875 35.04729461669922 2754.28564453125 -33.023521423339844 -2594.2861328125 
-0.5 0.046875 35.95204162597656 2754.28564453125 -33.88064956665039 -2605.71484375 
-0.5 0.046875 36.85679244995117 2759.99951171875 -34.73777770996094 -2611.42919921875 
-0.5 0.046875 37.761539459228516 2759.99951171875 -35.594905853271484 -2611.42919921875 
-0.5 0.046875 37.761539459228516 2759.999267578125 -36.428226470947266 -2611.42919921875 
-0.5 0.046875 39.523414611816406 2754.28515625 -37.28535461425781 -2605.71484375 
-0.5 0.046875 40.40435028076172 2754.28515625 -38.118675231933594 -2588.57177734375 
-0.5 0.046875 40.40435028076172 2731.42822265625 -38.97580337524414 -2588.57177734375 
-0.5 0.052734375 42.19003677368164 2714.28564453125 -39.83293151855469 -2571.4287109375 
-0.5 0.052734375 43.07097625732422 2714.28564453125 -40.6900634765625 -2571.4287109375 
-0.5 0.052734375 43.07097625732422 2702.857421875 -41.523380279541016 -2571.4287109375 
-0.5 0.099609375 44.856658935546875 2685.71484375 -42.38051223754883 -2548.5712890625 
-0.5 0.099609375 45.761436462402344 2685.71484375 -43.19002151489258 -2548.5712890625 
-0.5 0.099609375 46.64247512817383 2674.285888671875 -43.99953079223633 -2525.71435546875 
-0.5 0.12890625 47.547325134277344 2674.2861328125 -44.76142501831055 -2525.71435546875 
-0.5 0.12890625 48.45217514038086 2674.2861328125 -45.499507904052734 -2485.71435546875 
-0.5 0.12890625 49.30940246582031 2668.572021484375 -46.16624069213867 -2411.42822265625 
-0.5 0.12890625 50.21425247192383 2668.572021484375 -46.78534698486328 -2411.42822265625 
-0.5 0.12890625 51.09529113769531 2662.85791015625 -47.38064193725586 -2320.0 
-0.5 0.12890625 51.09529113769531 2674.28662109375 -47.9759407043457 -2320.0 
-0.5 0.169921875 52.904991149902344 2674.28662109375 -48.59504699707031 -2228.5712890625 
-0.5 0.169921875 53.78602981567383 2680.0009765625 -49.23796844482422 -2148.5712890625 
-0.5 0.169921875 54.690879821777344 2680.0009765625 -49.88088607788086 -2068.57177734375 
-0.4921875 0.19921875 55.59572982788086 2680.0009765625 -50.45237350463867 -2068.57177734375 
-0.4921875 0.19921875 56.50058364868164 2691.42919921875 -51.02385711669922 -1960.00048828125 
-0.4921875 0.287109375 57.405433654785156 2685.715087890625 -51.5477180480957 -1851.428955078125 
-0.4921875 0.287109375 58.28647232055664 2685.715087890625 -52.047767639160156 -1851.428955078125 
-0.4921875 0.287109375 59.16750717163086 2685.71533203125 -52.50019073486328 -1851.428955078125 
-0.4921875 0.287109375 60.07236099243164 2685.71533203125 -52.92880630493164 -1742.857666015625 
-0.4921875 0.287109375 60.977210998535156 2685.71484375 -53.3336067199707 -1651.428466796875 
-0.4921875 0.287109375 61.85824966430664 2691.42919921875 -53.714595794677734 -1651.428466796875 
-0.4921875 0.287109375 62.71547317504883 2691.42919921875 -54.02415084838867 -1565.71435546875 
-0.4921875 0.43359375 63.57270050048828 2680.0 -54.333702087402344 -1445.714599609375 
-0.4921875 0.43359375 64.42992401123047 2662.85693359375 -54.61944580078125 -1319.999755859375 
-0.4921875 0.43359375 64.42992401123047 2662.85693359375 -54.905189514160156 -1319.999755859375 
-0.4921875 0.515625 66.1681900024414 2651.42822265625 -55.143306732177734 -1177.142578125 
-0.4921875 0.515625 67.04923248291016 2634.28564453125 -55.35761260986328 -1039.999755859375 
-0.484375 0.544921875 67.9540786743164 2634.28564453125 -55.500484466552734 -1039.999755859375 
-0.484375 0.544921875 68.85893249511719 2639.99951171875 -55.619544982910156 -1039.999755859375 
-0.484375 0.544921875 69.78759765625 2651.428466796875 -55.66716766357422 -719.999755859375 
-0.484375 0.544921875 70.74006652832031 2651.428466796875 -55.66716766357422 -719.999755859375 
-0.484375 0.544921875 71.71635437011719 2674.28564453125 -55.59572982788086 -719.999755859375 
-0.484375 0.544921875 72.69264221191406 2674.28564453125 -55.500484466552734 -542.857177734375 
-0.484375 0.544921875 73.69273376464844 2708.571533203125 -55.35761260986328 -354.28564453125 
-0.484375 0.55078125 74.69283294677734 2754.2861328125 -55.167118072509766 -354.28564453125 
-0.484375 0.55078125 75.69293212890625 2754.2861328125 -54.92900085449219 -171.428466796875 
-0.484375 0.55078125 76.71684265136719 2811.42919921875 -54.690879821777344 34.285888671875 
-0.484375 0.55078125 77.7169418334961 2862.85791015625 -54.452762603759766 217.142822265625 
-0.484375 0.55078125 78.717041015625 2862.85791015625 -54.21464538574219 217.142822265625 
-0.484375 0.55078125 79.71713256835938 2914.28662109375 -54.0479621887207 354.28582763671875 
-0.484375 0.55078125 80.69342041015625 2948.572509765625 -53.88127899169922 354.28582763671875 
-0.4765625 0.55078125 81.69351959228516 2948.572509765625 -53.7622184753418 445.71441650390625 
-0.4765625 0.55078125 82.64599609375 2971.4296875 -53.66697311401367 445.71441650390625 
-0.4765625 0.55078125 83.62227630615234 2971.4296875 -53.57172393798828 491.42864990234375 
-0.4765625 0.55078125 84.57475280761719 2977.14404296875 -53.45266342163086 502.857177734375 
-0.4765625 0.55078125 85.55104064941406 2965.71533203125 -53.357418060302734 491.4285888671875 
-0.4765625 0.55078125 86.50350952148438 2965.71533203125 -53.262168884277344 491.4285888671875 
-0.4765625 0.55078125 87.43217468261719 2954.28662109375 -53.16692352294922 451.4285888671875 
-0.4765625 0.55078125 88.40846252441406 2931.42919921875 -53.07167434692383 400.0 
-0.4765625 0.55078125 89.36093139648438 2931.42919921875 -52.95261764526367 400.0 
-0.4765625 0.55078125 89.36093139648438 2914.2861328125 -52.83355712890625 354.28570556640625 
-0.4765625 0.55078125 91.26582336425781 2897.14306640625 -52.6906852722168 337.14288330078125 
-0.4765625 0.55078125 92.24188232421875 2897.14306640625 -52.57162857055664 337.14288330078125 
-0.4765625 0.55078125 93.19414520263672 2885.71435546875 -52.42875671386719 337.14288330078125 
-0.4765625 0.55078125 94.17020416259766 2880.0 -52.309696197509766 331.4285888671875 
-0.4765625 0.55078125 95.17007446289062 2880.0 -52.16682434082031 342.857177734375 
-0.4765625 0.55078125 96.1461410522461 2885.71435546875 -52.047767639160156 342.857177734375 
-0.4765625 0.55078125 97.12220001220703 2885.71435546875 -51.952518463134766 354.2857666015625 
-0.4765625 0.55078125 98.0982666015625 2897.14306640625 -51.833457946777344 354.2857666015625 
-0.4765625 0.55078125 99.07433319091797 2902.857421875 -51.73821258544922 360.00006103515625 
-0.4765625 0.55078125 100.0503921508789 2902.857421875 -51.6191520690918 360.00006103515625 
-0.4765625 0.55078125 101.00264739990234 2914.2861328125 -51.50009536743164 360.00006103515625 
-0.4765625 0.55078125 101.97871398925781 2914.2861328125 -51.38103485107422 360.00006103515625 
-0.4765625 0.55078125 101.97871398925781 2914.2861328125 -51.2619743347168 360.00006103515625 
-0.4765625 0.544921875 102.93096923828125 2914.2861328125 -51.14291763305664 360.00006103515625 
-0.4765625 0.544921875 104.85929107666016 2914.2861328125 -51.00004577636719 360.00006103515625 
-0.4765625 0.544921875 105.8115463256836 2914.2861328125 -50.880985260009766 360.00006103515625 
-0.484375 0.544921875 106.76380157470703 2902.857421875 -50.78573989868164 348.57147216796875 
-0.484375 0.544921875 107.716064453125 2902.857421875 -50.66667938232422 348.57147216796875 
-0.484375 0.544921875 108.66831970214844 2897.14306640625 -50.57143020629883 348.57147216796875 
-0.484375 0.544921875 109.62057495117188 2885.71435546875 -50.4761848449707 331.4285888671875 
-0.484375 0.544921875 110.57283020019531 2885.71435546875 -50.404747009277344 331.4285888671875 
-0.4765625 0.544921875 111.52509307861328 2874.28564453125 -50.33331298828125 331.4285888671875 
-0.4765625 0.544921875 112.47734832763672 2868.5712890625 -50.261878967285156 320.0 
-0.4765625 0.544921875 113.42960357666016 2868.5712890625 -50.166629791259766 314.28570556640625 
-0.4765625 0.544921875 114.3818588256836 2862.85693359375 -50.047569274902344 308.5714111328125 
-0.4765625 0.544921875 115.33411407470703 2862.85693359375 -49.92851257324219 308.5714111328125 
-0.4765625 0.544921875 116.3101806640625 2862.85693359375 -49.8332633972168 302.85711669921875 
-0.4765625 0.544921875 117.23863220214844 2862.85693359375 -49.714202880859375 291.42852783203125 
-0.4765625 0.544921875 118.21469116210938 2862.85693359375 -49.59514617919922 297.142822265625 
-0.4765625 0.544921875 118.21469116210938 2862.85693359375 -49.4760856628418 297.142822265625 
-0.4765625 0.544921875 120.11920928955078 2868.5712890625 -49.357025146484375 302.85711669921875 
-0.4765625 0.544921875 121.09526824951172 2868.5712890625 -49.23796844482422 302.85711669921875 
-0.4765625 0.544921875 122.04753112792969 2862.85693359375 -49.1189079284668 314.28570556640625 
-0.4765625 0.544921875 122.99978637695312 2868.5712890625 -49.02366256713867 331.4285888671875 
-0.4765625 0.544921875 123.95204162597656 2868.5712890625 -48.90460205078125 331.4285888671875 
-0.4765625 0.544921875 124.904296875 2862.85693359375 -48.78554153442383 337.14288330078125 
-0.4765625 0.544921875 125.85655975341797 2868.57177734375 -48.6902961730957 337.14288330078125 
-0.4765625 0.474609375 126.8088150024414 2868.57177734375 -48.57123565673828 337.14288330078125 
-0.4765625 0.474609375 127.76107025146484 2868.5712890625 -48.45217514038086 342.857177734375 
-0.4765625 0.333984375 128.7133331298828 2862.85693359375 -48.356929779052734 342.857177734375 
-0.484375 0.052734375 128.7133331298828 2862.85693359375 -48.30930709838867 325.71429443359375 
-0.484375 0.0 129.5941619873047 2845.7138671875 -48.30930709838867 285.71435546875 
-0.484375 0.0 131.284423828125 2845.7138671875 -48.3331184387207 285.71435546875 
-0.484375 0.0 132.07003784179688 2788.5712890625 -48.4045524597168 217.14288330078125 
-0.484375 0.0 132.90325927734375 2737.142578125 -48.52361297607422 131.4285888671875 
-0.484375 0.0 133.71267700195312 2737.142578125 -48.6902961730957 131.4285888671875 
-0.484375 0.0 134.498291015625 2685.7138671875 -48.92841339111328 5.71429443359375 
-0.484375 0.0 135.30770874023438 2628.5712890625 -49.190345764160156 -142.85714721679688 
-0.484375 0.0 136.11712646484375 2628.5712890625 -49.49989700317383 -142.85714721679688 
-0.4921875 0.0 136.95034790039062 2571.42822265625 -49.85707473754883 -314.28570556640625 
-0.5078125 0.0 137.759765625 2519.99951171875 -50.23806381225586 -508.5714416503906 
-0.5078125 0.0 138.61680603027344 2519.99951171875 -50.66667938232422 -508.5714416503906 
-0.515625 -0.03543307073414326 139.4738311767578 2485.7138671875 -51.119102478027344 -702.857177734375 
-0.515625 -0.12401574477553368 140.3308563232422 2474.285400390625 -51.595340728759766 -897.142822265625 
-0.515625 -0.2303149625658989 140.3308563232422 2474.285400390625 -52.11920166015625 -897.142822265625 
-0.5234375 -0.2893700748682022 142.044921875 2485.7138671875 -52.71449661254883 -1097.142822265625 
-0.5234375 -0.3011810928583145 142.87814331054688 2485.7138671875 -53.3336067199707 -1097.142822265625 
-0.5234375 -0.3011810928583145 143.63995361328125 2491.42822265625 -54.00033950805664 -1297.142822265625 
-0.5234375 -0.2775590568780899 144.37796020507812 2468.57177734375 -54.71469497680664 -1491.428466796875 
-0.5234375 -0.2657480388879776 145.06834411621094 2468.57177734375 -55.500484466552734 -1491.428466796875 
-0.5234375 -0.23622047156095505 145.73492431640625 2440.0 -56.333900451660156 -1491.428466796875 
-0.5234375 -0.23622047156095505 146.330078125 2371.4287109375 -57.21493911743164 -1691.428466796875 
-0.5234375 -0.23622047156095505 146.87762451171875 2371.4287109375 -58.14360046386719 -1897.142822265625 
-0.5234375 -0.23622047156095505 147.3775634765625 2268.57177734375 -59.1198844909668 -2114.28564453125 
-0.5234375 -0.23622047156095505 147.8298797607422 2131.42919921875 -60.143795013427734 -2342.857177734375 
-0.5234375 -0.2303149625658989 148.25840759277344 2131.42919921875 -61.239139556884766 -2342.857177734375 
-0.5234375 -0.2303149625658989 148.66311645507812 1960.0 -62.3344841003418 -2342.857177734375 
-0.5234375 -0.2303149625658989 149.1154327392578 1960.0 -63.42982864379883 -2565.71435546875 
-0.5234375 -0.2303149625658989 149.68678283691406 1805.71484375 -64.5013656616211 -2748.57177734375 
-0.5234375 -0.2303149625658989 150.2343292236328 1702.857177734375 -65.5728988647461 -2897.142822265625 
-0.5234375 -0.2303149625658989 150.78187561035156 1702.857177734375 -66.59680938720703 -2897.142822265625 
-0.5234375 -0.2303149625658989 150.78187561035156 1628.571533203125 -67.54927825927734 -2897.142822265625 
-0.5234375 -0.23622047156095505 151.90078735351562 1565.71435546875 -68.50175476074219 -3034.28564453125 
-0.5234375 -0.23622047156095505 152.47213745117188 1565.71435546875 -69.40660095214844 -3034.28564453125 
-0.5234375 -0.23622047156095505 153.04348754882812 1548.57177734375 -70.31145477294922 -3034.285888671875 
-0.5234375 -0.23622047156095505 153.63865661621094 1554.28564453125 -71.21630859375 -3000.00048828125 
-0.5234375 -0.23622047156095505 154.2100067138672 1554.28564453125 -72.09734344482422 -3000.00048828125 
-0.5234375 -0.22440945357084274 154.78135681152344 1588.5712890625 -73.002197265625 -2937.14306640625 
-0.5234375 -0.2185039445757866 155.37652587890625 1651.428466796875 -73.90704345703125 -2874.2861328125 
-0.5234375 -0.21259843558073044 155.9716796875 1651.428466796875 -74.83570861816406 -2874.2861328125 
-0.5234375 -0.20078739523887634 156.5668487548828 1708.571044921875 -75.76436614990234 -2874.2861328125 
-0.5234375 -0.20078739523887634 157.18580627441406 1708.571044921875 -76.66921997070312 -2811.4287109375 
-0.5234375 -0.20078739523887634 157.82858276367188 1737.142822265625 -77.5978775024414 -2811.4287109375 
-0.5234375 -0.18307086825370789 158.4713592529297 1765.71435546875 -78.52654266357422 -2742.857421875 
-0.5234375 -0.16535433009266853 159.1141357421875 1765.71435546875 -79.431396484375 -2742.857421875 
-0.5234375 -0.16535433009266853 159.1141357421875 1800.0 -80.33624267578125 -2731.4287109375 
-0.5234375 -0.14173228293657303 159.7807159423828 1839.999755859375 -81.26490783691406 -2731.4287109375 
-0.5234375 -0.11811023578047752 161.23291015625 1839.999755859375 -82.19356536865234 -2737.142578125 
-0.5234375 -0.05905511789023876 162.0185089111328 1908.5712890625 -83.12223052978516 -2737.142578125 
-0.5234375 -0.05905511789023876 162.8279266357422 1988.5712890625 -84.05088806152344 -2765.714111328125 
-0.5234375 -0.05905511789023876 163.63735961914062 1988.5712890625 -84.97955322265625 -2765.714111328125 
-0.5234375 -0.03543307073414326 164.44677734375 2080.0 -85.90821838378906 -2771.427734375 
-0.5234375 -0.03543307073414326 165.27999877929688 2080.0 -86.83687591552734 -2771.427734375 
-0.5234375 -0.03543307073414326 166.16082763671875 2160.000244140625 -87.74172973632812 -2765.713623046875 
-0.5234375 -0.04133858252316713 167.0892791748047 2262.857177734375 -88.64657592773438 -2754.28515625 
-0.5234375 -0.04133858252316713 168.0653533935547 2262.857177734375 -89.55142974853516 -2754.28515625 
-0.5234375 -0.04133858252316713 169.04141235351562 2382.857177734375 -90.4562759399414 -2754.28515625 
-0.5234375 -0.04724409431219101 169.99366760253906 2502.857177734375 -91.38485717773438 -2754.28515625 
-0.5234375 -0.04724409431219101 170.9459228515625 2502.857177734375 -92.31330871582031 -2754.28515625 
-0.5234375 -0.07677165605127811 171.87437438964844 2605.71435546875 -93.21794891357422 -2759.99951171875 
-0.5234375 -0.08858267962932587 172.77902221679688 2668.5712890625 -94.14640045166016 -2759.99951171875 
-0.5234375 -0.08858267962932587 173.63604736328125 2668.5712890625 -95.0748519897461 -2754.28515625 
-0.5234375 -0.09448818862438202 174.46926879882812 2697.142822265625 -96.02710723876953 -2765.713623046875 
-0.5234375 -0.09448818862438202 175.2548828125 2691.42822265625 -96.97936248779297 -2771.427978515625 
-0.5234375 -0.09448818862438202 175.99288940429688 2691.42822265625 -97.9316177368164 -2771.427978515625 
